/*--------------------------------*- C++ -*----------------------------------*\
| =========                 |                                                 |
| \\      /  F ield         | foam-extend: Open Source CFD                    |
|  \\    /   O peration     | Version:     4.1                                |
|   \\  /    A nd           | Web:         http://www.foam-extend.org         |
|    \\/     M anipulation  |                                                 |
\*---------------------------------------------------------------------------*/
FoamFile
{
    version     2.0;
    format      ascii;
    class       faceList;
    location    "constant/polyMesh";
    object      faces;
}
// * * * * * * * * * * * * * * * * * * * * * * * * * * * * * * * * * * * * * //


174
(
4(1 6 16 11)
4(10 11 16 15)
4(2 7 17 12)
4(11 12 17 16)
4(3 8 18 13)
4(12 13 18 17)
4(13 14 19 18)
4(11 16 26 21)
4(20 21 26 25)
4(12 17 27 22)
4(21 22 27 26)
4(13 18 28 23)
4(22 23 28 27)
4(23 24 29 28)
4(21 26 36 31)
4(30 31 36 35)
4(22 27 37 32)
4(31 32 37 36)
4(23 28 38 33)
4(32 33 38 37)
4(33 34 39 38)
4(31 36 46 41)
4(40 41 46 45)
4(32 37 47 42)
4(41 42 47 46)
4(33 38 48 43)
4(42 43 48 47)
4(43 44 49 48)
4(41 46 56 51)
4(50 51 56 55)
4(42 47 57 52)
4(51 52 57 56)
4(43 48 58 53)
4(52 53 58 57)
4(53 54 59 58)
4(51 56 66 61)
4(60 61 66 65)
4(52 57 67 62)
4(61 62 67 66)
4(53 58 68 63)
4(62 63 68 67)
4(63 64 69 68)
4(61 66 76 71)
4(70 71 76 75)
4(62 67 77 72)
4(71 72 77 76)
4(63 68 78 73)
4(72 73 78 77)
4(73 74 79 78)
4(71 76 86 81)
4(80 81 86 85)
4(72 77 87 82)
4(81 82 87 86)
4(73 78 88 83)
4(82 83 88 87)
4(83 84 89 88)
4(81 86 96 91)
4(90 91 96 95)
4(82 87 97 92)
4(91 92 97 96)
4(83 88 98 93)
4(92 93 98 97)
4(93 94 99 98)
4(91 96 106 101)
4(92 97 107 102)
4(93 98 108 103)
4(0 5 6 1)
4(1 6 7 2)
4(2 7 8 3)
4(3 8 9 4)
4(4 9 19 14)
4(14 19 29 24)
4(24 29 39 34)
4(34 39 49 44)
4(44 49 59 54)
4(54 59 69 64)
4(64 69 79 74)
4(74 79 89 84)
4(84 89 99 94)
4(94 99 109 104)
4(0 10 15 5)
4(10 20 25 15)
4(20 30 35 25)
4(30 40 45 35)
4(40 50 55 45)
4(50 60 65 55)
4(60 70 75 65)
4(70 80 85 75)
4(80 90 95 85)
4(90 100 105 95)
4(100 101 106 105)
4(101 102 107 106)
4(102 103 108 107)
4(103 104 109 108)
4(5 15 16 6)
4(15 25 26 16)
4(25 35 36 26)
4(35 45 46 36)
4(45 55 56 46)
4(55 65 66 56)
4(65 75 76 66)
4(75 85 86 76)
4(85 95 96 86)
4(95 105 106 96)
4(6 16 17 7)
4(16 26 27 17)
4(26 36 37 27)
4(36 46 47 37)
4(46 56 57 47)
4(56 66 67 57)
4(66 76 77 67)
4(76 86 87 77)
4(86 96 97 87)
4(96 106 107 97)
4(7 17 18 8)
4(17 27 28 18)
4(27 37 38 28)
4(37 47 48 38)
4(47 57 58 48)
4(57 67 68 58)
4(67 77 78 68)
4(77 87 88 78)
4(87 97 98 88)
4(97 107 108 98)
4(8 18 19 9)
4(18 28 29 19)
4(28 38 39 29)
4(38 48 49 39)
4(48 58 59 49)
4(58 68 69 59)
4(68 78 79 69)
4(78 88 89 79)
4(88 98 99 89)
4(98 108 109 99)
4(0 1 11 10)
4(10 11 21 20)
4(20 21 31 30)
4(30 31 41 40)
4(40 41 51 50)
4(50 51 61 60)
4(60 61 71 70)
4(70 71 81 80)
4(80 81 91 90)
4(90 91 101 100)
4(1 2 12 11)
4(11 12 22 21)
4(21 22 32 31)
4(31 32 42 41)
4(41 42 52 51)
4(51 52 62 61)
4(61 62 72 71)
4(71 72 82 81)
4(81 82 92 91)
4(91 92 102 101)
4(2 3 13 12)
4(12 13 23 22)
4(22 23 33 32)
4(32 33 43 42)
4(42 43 53 52)
4(52 53 63 62)
4(62 63 73 72)
4(72 73 83 82)
4(82 83 93 92)
4(92 93 103 102)
4(3 4 14 13)
4(13 14 24 23)
4(23 24 34 33)
4(33 34 44 43)
4(43 44 54 53)
4(53 54 64 63)
4(63 64 74 73)
4(73 74 84 83)
4(83 84 94 93)
4(93 94 104 103)
)


// ************************************************************************* //
