/*--------------------------------*- C++ -*----------------------------------*\
| =========                 |                                                 |
| \\      /  F ield         | foam-extend: Open Source CFD                    |
|  \\    /   O peration     | Version:     4.1                                |
|   \\  /    A nd           | Web:         http://www.foam-extend.org         |
|    \\/     M anipulation  |                                                 |
\*---------------------------------------------------------------------------*/
FoamFile
{
    version     2.0;
    format      ascii;
    class       vectorField;
    location    "constant/polyMesh";
    object      points;
}
// * * * * * * * * * * * * * * * * * * * * * * * * * * * * * * * * * * * * * //


110
(
(0 0 0)
(0.0025 0 0)
(0.005 0 0)
(0.0075 0 0)
(0.01 0 0)
(0 0.005 0)
(0.0025 0.005 0)
(0.005 0.005 0)
(0.0075 0.005 0)
(0.01 0.005 0)
(0 0 1e-06)
(0.0025 0 1e-06)
(0.005 0 1e-06)
(0.0075 0 1e-06)
(0.01 0 1e-06)
(0 0.005 1e-06)
(0.0025 0.005 1e-06)
(0.005 0.005 1e-06)
(0.0075 0.005 1e-06)
(0.01 0.005 1e-06)
(0 0 2e-06)
(0.0025 0 2e-06)
(0.005 0 2e-06)
(0.0075 0 2.000000000000001e-06)
(0.01 0 2e-06)
(0 0.005 2e-06)
(0.0025 0.005 2e-06)
(0.005 0.005 2e-06)
(0.0075 0.005 2.000000000000001e-06)
(0.01 0.005 2e-06)
(0 0 3e-06)
(0.0025 0 3e-06)
(0.005 0 3e-06)
(0.0075 0 3e-06)
(0.01 0 3e-06)
(0 0.005 3e-06)
(0.0025 0.005 3e-06)
(0.005 0.005 3e-06)
(0.0075 0.005000000000000001 3e-06)
(0.01 0.005 3e-06)
(0 0 4.000000000000001e-06)
(0.0025 0 4.000000000000001e-06)
(0.005 0 4.000000000000001e-06)
(0.0075 0 4.000000000000001e-06)
(0.01 0 4.000000000000001e-06)
(0 0.005 4.000000000000001e-06)
(0.0025 0.005 4.000000000000001e-06)
(0.005 0.005 4.000000000000001e-06)
(0.0075 0.005 4.000000000000002e-06)
(0.01 0.005 4.000000000000001e-06)
(0 0 5e-06)
(0.0025 0 5e-06)
(0.005 0 5e-06)
(0.0075 0 5e-06)
(0.01 0 5e-06)
(0 0.005 5e-06)
(0.0025 0.005 5e-06)
(0.005 0.005 5e-06)
(0.0075 0.005 5e-06)
(0.01 0.005 5e-06)
(0 0 5.999999999999999e-06)
(0.0025 0 5.999999999999999e-06)
(0.005 0 5.999999999999999e-06)
(0.0075 0 5.999999999999999e-06)
(0.01 0 5.999999999999999e-06)
(0 0.005 5.999999999999999e-06)
(0.0025 0.005 5.999999999999999e-06)
(0.005 0.005 5.999999999999999e-06)
(0.0075 0.005 5.999999999999999e-06)
(0.01 0.005 5.999999999999999e-06)
(0 0 7e-06)
(0.0025 0 7e-06)
(0.005 0 7e-06)
(0.0075 0 7e-06)
(0.01 0 7e-06)
(0 0.005 7e-06)
(0.0025 0.005 7e-06)
(0.005 0.005 7e-06)
(0.0075 0.005 7e-06)
(0.01 0.005 7e-06)
(0 0 8.000000000000001e-06)
(0.0025 0 8.000000000000001e-06)
(0.005 0 8.000000000000001e-06)
(0.0075 0 8.000000000000001e-06)
(0.01 0 8.000000000000001e-06)
(0 0.005 8.000000000000001e-06)
(0.0025 0.005 8.000000000000001e-06)
(0.005 0.005 8.000000000000001e-06)
(0.0075 0.005 8.000000000000003e-06)
(0.01 0.005 8.000000000000001e-06)
(0 0 9e-06)
(0.0025 0 9e-06)
(0.005 0 9e-06)
(0.0075 0 9e-06)
(0.01 0 9e-06)
(0 0.005 9e-06)
(0.0025 0.005 9e-06)
(0.005 0.005 9e-06)
(0.0075 0.005 8.999999999999999e-06)
(0.01 0.005 9e-06)
(0 0 1e-05)
(0.0025 0 1e-05)
(0.005 0 1e-05)
(0.0075 0 1e-05)
(0.01 0 1e-05)
(0 0.005 1e-05)
(0.0025 0.005 1e-05)
(0.005 0.005 1e-05)
(0.0075 0.005 1e-05)
(0.01 0.005 1e-05)
)


// ************************************************************************* //
