/*--------------------------------*- C++ -*----------------------------------*\
| =========                 |                                                 |
| \\      /  F ield         | foam-extend: Open Source CFD                    |
|  \\    /   O peration     | Version:     4.1                                |
|   \\  /    A nd           | Web:         http://www.foam-extend.org         |
|    \\/     M anipulation  |                                                 |
\*---------------------------------------------------------------------------*/
FoamFile
{
    version     2.0;
    format      ascii;
    class       faceList;
    location    "constant/polyMesh";
    object      faces;
}
// * * * * * * * * * * * * * * * * * * * * * * * * * * * * * * * * * * * * * //


92
(
4(1 4 10 7)
4(6 7 10 9)
4(7 8 11 10)
4(7 10 16 13)
4(12 13 16 15)
4(13 14 17 16)
4(13 16 22 19)
4(18 19 22 21)
4(19 20 23 22)
4(19 22 28 25)
4(24 25 28 27)
4(25 26 29 28)
4(25 28 34 31)
4(30 31 34 33)
4(31 32 35 34)
4(31 34 40 37)
4(36 37 40 39)
4(37 38 41 40)
4(37 40 46 43)
4(42 43 46 45)
4(43 44 47 46)
4(43 46 52 49)
4(48 49 52 51)
4(49 50 53 52)
4(49 52 58 55)
4(54 55 58 57)
4(55 56 59 58)
4(55 58 64 61)
4(0 3 4 1)
4(1 4 5 2)
4(2 5 11 8)
4(8 11 17 14)
4(14 17 23 20)
4(20 23 29 26)
4(26 29 35 32)
4(32 35 41 38)
4(38 41 47 44)
4(44 47 53 50)
4(50 53 59 56)
4(56 59 65 62)
4(0 6 9 3)
4(6 12 15 9)
4(12 18 21 15)
4(18 24 27 21)
4(24 30 33 27)
4(30 36 39 33)
4(36 42 45 39)
4(42 48 51 45)
4(48 54 57 51)
4(54 60 63 57)
4(60 61 64 63)
4(61 62 65 64)
4(3 9 10 4)
4(9 15 16 10)
4(15 21 22 16)
4(21 27 28 22)
4(27 33 34 28)
4(33 39 40 34)
4(39 45 46 40)
4(45 51 52 46)
4(51 57 58 52)
4(57 63 64 58)
4(4 10 11 5)
4(10 16 17 11)
4(16 22 23 17)
4(22 28 29 23)
4(28 34 35 29)
4(34 40 41 35)
4(40 46 47 41)
4(46 52 53 47)
4(52 58 59 53)
4(58 64 65 59)
4(0 1 7 6)
4(6 7 13 12)
4(12 13 19 18)
4(18 19 25 24)
4(24 25 31 30)
4(30 31 37 36)
4(36 37 43 42)
4(42 43 49 48)
4(48 49 55 54)
4(54 55 61 60)
4(1 2 8 7)
4(7 8 14 13)
4(13 14 20 19)
4(19 20 26 25)
4(25 26 32 31)
4(31 32 38 37)
4(37 38 44 43)
4(43 44 50 49)
4(49 50 56 55)
4(55 56 62 61)
)


// ************************************************************************* //
