/*--------------------------------*- C++ -*----------------------------------*\
| =========                 |                                                 |
| \\      /  F ield         | foam-extend: Open Source CFD                    |
|  \\    /   O peration     | Version:     4.1                                |
|   \\  /    A nd           | Web:         http://www.foam-extend.org         |
|    \\/     M anipulation  |                                                 |
\*---------------------------------------------------------------------------*/
FoamFile
{
    version     2.0;
    format      ascii;
    class       vectorField;
    location    "constant/polyMesh";
    object      points;
}
// * * * * * * * * * * * * * * * * * * * * * * * * * * * * * * * * * * * * * //


66
(
(0 0 0)
(0.0005000000000000001 0 0)
(0.001 0 0)
(0 0.005 0)
(0.0005000000000000001 0.005 0)
(0.001 0.005 0)
(0 0 1e-06)
(0.0005000000000000001 0 1e-06)
(0.001 0 1e-06)
(0 0.005 1e-06)
(0.0005000000000000001 0.005 1e-06)
(0.001 0.005 1e-06)
(0 0 2e-06)
(0.0005000000000000001 0 2e-06)
(0.001 0 2e-06)
(0 0.005 2e-06)
(0.0005000000000000001 0.005 2e-06)
(0.001 0.005 2e-06)
(0 0 3e-06)
(0.0005 0 3e-06)
(0.001 0 3e-06)
(0 0.005 3e-06)
(0.0005 0.005 3e-06)
(0.001 0.005 3e-06)
(0 0 4.000000000000001e-06)
(0.0005000000000000001 0 4.000000000000001e-06)
(0.001 0 4.000000000000001e-06)
(0 0.005 4.000000000000001e-06)
(0.0005000000000000001 0.005 4.000000000000001e-06)
(0.001 0.005 4.000000000000001e-06)
(0 0 5e-06)
(0.0005000000000000001 0 5e-06)
(0.001 0 5e-06)
(0 0.005 5e-06)
(0.0005000000000000001 0.005 5e-06)
(0.001 0.005 5e-06)
(0 0 5.999999999999999e-06)
(0.0005000000000000001 0 5.999999999999999e-06)
(0.001 0 5.999999999999999e-06)
(0 0.005 5.999999999999999e-06)
(0.0005000000000000001 0.005 5.999999999999999e-06)
(0.001 0.005 5.999999999999999e-06)
(0 0 7e-06)
(0.0005000000000000001 0 7e-06)
(0.001 0 7e-06)
(0 0.005 7e-06)
(0.0005000000000000001 0.005 7e-06)
(0.001 0.005 7e-06)
(0 0 8.000000000000001e-06)
(0.0005000000000000001 0 8.000000000000001e-06)
(0.001 0 8.000000000000001e-06)
(0 0.005 8.000000000000001e-06)
(0.0005000000000000001 0.005 8.000000000000001e-06)
(0.001 0.005 8.000000000000001e-06)
(0 0 9e-06)
(0.0005000000000000001 0 9e-06)
(0.001 0 9e-06)
(0 0.005 9e-06)
(0.0005000000000000001 0.005 9e-06)
(0.001 0.005 9e-06)
(0 0 1e-05)
(0.0005000000000000001 0 1e-05)
(0.001 0 1e-05)
(0 0.005 1e-05)
(0.0005000000000000001 0.005 1e-05)
(0.001 0.005 1e-05)
)


// ************************************************************************* //
