/*--------------------------------*- C++ -*----------------------------------*\
| =========                 |                                                 |
| \\      /  F ield         | foam-extend: Open Source CFD                    |
|  \\    /   O peration     | Version:     4.1                                |
|   \\  /    A nd           | Web:         http://www.foam-extend.org         |
|    \\/     M anipulation  |                                                 |
\*---------------------------------------------------------------------------*/
FoamFile
{
    version     2.0;
    format      ascii;
    class       faceSet;
    location    "constant/polyMesh/sets";
    object      fluid_to_solid_zone;
}
// * * * * * * * * * * * * * * * * * * * * * * * * * * * * * * * * * * * * * //


12184
(
749022 
749023 
749024 
749025 
749026 
749027 
749028 
749029 
749030 
749031 
749032 
749033 
749034 
749035 
749036 
749037 
749038 
749039 
749040 
749041 
749042 
749043 
749044 
749045 
749046 
749047 
749048 
749049 
749050 
749051 
749052 
749053 
749054 
749055 
749056 
749057 
749058 
749059 
749060 
749061 
749062 
749063 
749064 
749065 
749066 
749067 
749068 
749069 
749070 
749071 
749072 
749073 
749074 
749075 
749076 
749077 
749078 
749079 
749080 
749081 
749082 
749083 
749084 
749085 
749086 
749087 
749088 
749089 
749090 
749091 
749092 
749093 
749094 
749095 
749096 
749097 
749098 
749099 
749100 
749101 
749102 
749103 
749104 
749105 
749106 
749107 
749108 
749109 
749110 
749111 
749112 
749113 
749114 
749115 
749116 
749117 
749118 
749119 
749120 
749121 
749122 
749123 
749124 
749125 
749126 
749127 
749128 
749129 
749130 
749131 
749132 
749133 
749134 
749135 
749136 
749137 
749138 
749139 
749140 
749141 
749142 
749143 
749144 
749145 
749146 
749147 
749148 
749149 
749150 
749151 
749152 
749153 
749154 
749155 
749156 
749157 
749158 
749159 
749160 
749161 
749162 
749163 
749164 
749165 
749166 
749167 
749168 
749169 
749170 
749171 
749172 
749173 
749174 
749175 
749176 
749177 
749178 
749179 
749180 
749181 
749182 
749183 
749184 
749185 
749186 
749187 
749188 
749189 
749190 
749191 
749192 
749193 
749194 
749195 
749196 
749197 
749198 
749199 
749200 
749201 
749202 
749203 
749204 
749205 
749206 
749207 
749208 
749209 
749210 
749211 
749212 
749213 
749214 
749215 
749216 
749217 
749218 
749219 
749220 
749221 
749222 
749223 
749224 
749225 
749226 
749227 
749228 
749229 
749230 
749231 
749232 
749233 
749234 
749235 
749236 
749237 
749238 
749239 
749240 
749241 
749242 
749243 
749244 
749245 
749246 
749247 
749248 
749249 
749250 
749251 
749252 
749253 
749254 
749255 
749256 
749257 
749258 
749259 
749260 
749261 
749262 
749263 
749264 
749265 
749266 
749267 
749268 
749269 
749270 
749271 
749272 
749273 
749274 
749275 
749276 
749277 
749278 
749279 
749280 
749281 
749282 
749283 
749284 
749285 
749286 
749287 
749288 
749289 
749290 
749291 
749292 
749293 
749294 
749295 
749296 
749297 
749298 
749299 
749300 
749301 
749302 
749303 
749304 
749305 
749306 
749307 
749308 
749309 
749310 
749311 
749312 
749313 
749314 
749315 
749316 
749317 
749318 
749319 
749320 
749321 
749322 
749323 
749324 
749325 
749326 
749327 
749328 
749329 
749330 
749331 
749332 
749333 
749334 
749335 
749336 
749337 
749338 
749339 
749340 
749341 
749342 
749343 
749344 
749345 
749346 
749347 
749348 
749349 
749350 
749351 
749352 
749353 
749354 
749355 
749356 
749357 
749358 
749359 
749360 
749361 
749362 
749363 
749364 
749365 
749366 
749367 
749368 
749369 
749370 
749371 
749372 
749373 
749374 
749375 
749376 
749377 
749378 
749379 
749380 
749381 
749382 
749383 
749384 
749385 
749386 
749387 
749388 
749389 
749390 
749391 
749392 
749393 
749394 
749395 
749396 
749397 
749398 
749399 
749400 
749401 
749402 
749403 
749404 
749405 
749406 
749407 
749408 
749409 
749410 
749411 
749412 
749413 
749414 
749415 
749416 
749417 
749418 
749419 
749420 
749421 
749422 
749423 
749424 
749425 
749426 
749427 
749428 
749429 
749430 
749431 
749432 
749433 
749434 
749435 
749436 
749437 
749438 
749439 
749440 
749441 
749442 
749443 
749444 
749445 
749446 
749447 
749448 
749449 
749450 
749451 
749452 
749453 
749454 
749455 
749456 
749457 
749458 
749459 
749460 
749461 
749462 
749463 
749464 
749465 
749466 
749467 
749468 
749469 
749470 
749471 
749472 
749473 
749474 
749475 
749476 
749477 
749478 
749479 
749480 
749481 
749482 
749483 
749484 
749485 
749486 
749487 
749488 
749489 
749490 
749491 
749492 
749493 
749494 
749495 
749496 
749497 
749498 
749499 
749500 
749501 
749502 
749503 
749504 
749505 
749506 
749507 
749508 
749509 
749510 
749511 
749512 
749513 
749514 
749515 
749516 
749517 
749518 
749519 
749520 
749521 
749522 
749523 
749524 
749525 
749526 
749527 
749528 
749529 
749530 
749531 
749532 
749533 
749534 
749535 
749536 
749537 
749538 
749539 
749540 
749541 
749542 
749543 
749544 
749545 
749546 
749547 
749548 
749549 
749550 
749551 
749552 
749553 
749554 
749555 
749556 
749557 
749558 
749559 
749560 
749561 
749562 
749563 
749564 
749565 
749566 
749567 
749568 
749569 
749570 
749571 
749572 
749573 
749574 
749575 
749576 
749577 
749578 
749579 
749580 
749581 
749582 
749583 
749584 
749585 
749586 
749587 
749588 
749589 
749590 
749591 
749592 
749593 
749594 
749595 
749596 
749597 
749598 
749599 
749600 
749601 
749602 
749603 
749604 
749605 
749606 
749607 
749608 
749609 
749610 
749611 
749612 
749613 
749614 
749615 
749616 
749617 
749618 
749619 
749620 
749621 
749622 
749623 
749624 
749625 
749626 
749627 
749628 
749629 
749630 
749631 
749632 
749633 
749634 
749635 
749636 
749637 
749638 
749639 
749640 
749641 
749642 
749643 
749644 
749645 
749646 
749647 
749648 
749649 
749650 
749651 
749652 
749653 
749654 
749655 
749656 
749657 
749658 
749659 
749660 
749661 
749662 
749663 
749664 
749665 
749666 
749667 
749668 
749669 
749670 
749671 
749672 
749673 
749674 
749675 
749676 
749677 
749678 
749679 
749680 
749681 
749682 
749683 
749684 
749685 
749686 
749687 
749688 
749689 
749690 
749691 
749692 
749693 
749694 
749695 
749696 
749697 
749698 
749699 
749700 
749701 
749702 
749703 
749704 
749705 
749706 
749707 
749708 
749709 
749710 
749711 
749712 
749713 
749714 
749715 
749716 
749717 
749718 
749719 
749720 
749721 
749722 
749723 
749724 
749725 
749726 
749727 
749728 
749729 
749730 
749731 
749732 
749733 
749734 
749735 
749736 
749737 
749738 
749739 
749740 
749741 
749742 
749743 
749744 
749745 
749746 
749747 
749748 
749749 
749750 
749751 
749752 
749753 
749754 
749755 
749756 
749757 
749758 
749759 
749760 
749761 
749762 
749763 
749764 
749765 
749766 
749767 
749768 
749769 
749770 
749771 
749772 
749773 
749774 
749775 
749776 
749777 
749778 
749779 
749780 
749781 
749782 
749783 
749784 
749785 
749786 
749787 
749788 
749789 
749790 
749791 
749792 
749793 
749794 
749795 
749796 
749797 
749798 
749799 
749800 
749801 
749802 
749803 
749804 
749805 
749806 
749807 
749808 
749809 
749810 
749811 
749812 
749813 
749814 
749815 
749816 
749817 
749818 
749819 
749820 
749821 
749822 
749823 
749824 
749825 
749826 
749827 
749828 
749829 
749830 
749831 
749832 
749833 
749834 
749835 
749836 
749837 
749838 
749839 
749840 
749841 
749842 
749843 
749844 
749845 
749846 
749847 
749848 
749849 
749850 
749851 
749852 
749853 
749854 
749855 
749856 
749857 
749858 
749859 
749860 
749861 
749862 
749863 
749864 
749865 
749866 
749867 
749868 
749869 
749870 
749871 
749872 
749873 
749874 
749875 
749876 
749877 
749878 
749879 
749880 
749881 
749882 
749883 
749884 
749885 
749886 
749887 
749888 
749889 
749890 
749891 
749892 
749893 
749894 
749895 
749896 
749897 
749898 
749899 
749900 
749901 
749902 
749903 
749904 
749905 
749906 
749907 
749908 
749909 
749910 
749911 
749912 
749913 
749914 
749915 
749916 
749917 
749918 
749919 
749920 
749921 
749922 
749923 
749924 
749925 
749926 
749927 
749928 
749929 
749930 
749931 
749932 
749933 
749934 
749935 
749936 
749937 
749938 
749939 
749940 
749941 
749942 
749943 
749944 
749945 
749946 
749947 
749948 
749949 
749950 
749951 
749952 
749953 
749954 
749955 
749956 
749957 
749958 
749959 
749960 
749961 
749962 
749963 
749964 
749965 
749966 
749967 
749968 
749969 
749970 
749971 
749972 
749973 
749974 
749975 
749976 
749977 
749978 
749979 
749980 
749981 
749982 
749983 
749984 
749985 
749986 
749987 
749988 
749989 
749990 
749991 
749992 
749993 
749994 
749995 
749996 
749997 
749998 
749999 
750000 
750001 
750002 
750003 
750004 
750005 
750006 
750007 
750008 
750009 
750010 
750011 
750012 
750013 
750014 
750015 
750016 
750017 
750018 
750019 
750020 
750021 
750022 
750023 
750024 
750025 
750026 
750027 
750028 
750029 
750030 
750031 
750032 
750033 
750034 
750035 
750036 
750037 
750038 
750039 
750040 
750041 
750042 
750043 
750044 
750045 
750046 
750047 
750048 
750049 
750050 
750051 
750052 
750053 
750054 
750055 
750056 
750057 
750058 
750059 
750060 
750061 
750062 
750063 
750064 
750065 
750066 
750067 
750068 
750069 
750070 
750071 
750072 
750073 
750074 
750075 
750076 
750077 
750078 
750079 
750080 
750081 
750082 
750083 
750084 
750085 
750086 
750087 
750088 
750089 
750090 
750091 
750092 
750093 
750094 
750095 
750096 
750097 
750098 
750099 
750100 
750101 
750102 
750103 
750104 
750105 
750106 
750107 
750108 
750109 
750110 
750111 
750112 
750113 
750114 
750115 
750116 
750117 
750118 
750119 
750120 
750121 
750122 
750123 
750124 
750125 
750126 
750127 
750128 
750129 
750130 
750131 
750132 
750133 
750134 
750135 
750136 
750137 
750138 
750139 
750140 
750141 
750142 
750143 
750144 
750145 
750146 
750147 
750148 
750149 
750150 
750151 
750152 
750153 
750154 
750155 
750156 
750157 
750158 
750159 
750160 
750161 
750162 
750163 
750164 
750165 
750166 
750167 
750168 
750169 
750170 
750171 
750172 
750173 
750174 
750175 
750176 
750177 
750178 
750179 
750180 
750181 
750182 
750183 
750184 
750185 
750186 
750187 
750188 
750189 
750190 
750191 
750192 
750193 
750194 
750195 
750196 
750197 
750198 
750199 
750200 
750201 
750202 
750203 
750204 
750205 
750206 
750207 
750208 
750209 
750210 
750211 
750212 
750213 
750214 
750215 
750216 
750217 
750218 
750219 
750220 
750221 
750222 
750223 
750224 
750225 
750226 
750227 
750228 
750229 
750230 
750231 
750232 
750233 
750234 
750235 
750236 
750237 
750238 
750239 
750240 
750241 
750242 
750243 
750244 
750245 
750246 
750247 
750248 
750249 
750250 
750251 
750252 
750253 
750254 
750255 
750256 
750257 
750258 
750259 
750260 
750261 
750262 
750263 
750264 
750265 
750266 
750267 
750268 
750269 
750270 
750271 
750272 
750273 
750274 
750275 
750276 
750277 
750278 
750279 
750280 
750281 
750282 
750283 
750284 
750285 
750286 
750287 
750288 
750289 
750290 
750291 
750292 
750293 
750294 
750295 
750296 
750297 
750298 
750299 
750300 
750301 
750302 
750303 
750304 
750305 
750306 
750307 
750308 
750309 
750310 
750311 
750312 
750313 
750314 
750315 
750316 
750317 
750318 
750319 
750320 
750321 
750322 
750323 
750324 
750325 
750326 
750327 
750328 
750329 
750330 
750331 
750332 
750333 
750334 
750335 
750336 
750337 
750338 
750339 
750340 
750341 
750342 
750343 
750344 
750345 
750346 
750347 
750348 
750349 
750350 
750351 
750352 
750353 
750354 
750355 
750356 
750357 
750358 
750359 
750360 
750361 
750362 
750363 
750364 
750365 
750366 
750367 
750368 
750369 
750370 
750371 
750372 
750373 
750374 
750375 
750376 
750377 
750378 
750379 
750380 
750381 
750382 
750383 
750384 
750385 
750386 
750387 
750388 
750389 
750390 
750391 
750392 
750393 
750394 
750395 
750396 
750397 
750398 
750399 
750400 
750401 
750402 
750403 
750404 
750405 
750406 
750407 
750408 
750409 
750410 
750411 
750412 
750413 
750414 
750415 
750416 
750417 
750418 
750419 
750420 
750421 
750422 
750423 
750424 
750425 
750426 
750427 
750428 
750429 
750430 
750431 
750432 
750433 
750434 
750435 
750436 
750437 
750438 
750439 
750440 
750441 
750442 
750443 
750444 
750445 
750446 
750447 
750448 
750449 
750450 
750451 
750452 
750453 
750454 
750455 
750456 
750457 
750458 
750459 
750460 
750461 
750462 
750463 
750464 
750465 
750466 
750467 
750468 
750469 
750470 
750471 
750472 
750473 
750474 
750475 
750476 
750477 
750478 
750479 
750480 
750481 
750482 
750483 
750484 
750485 
750486 
750487 
750488 
750489 
750490 
750491 
750492 
750493 
750494 
750495 
750496 
750497 
750498 
750499 
750500 
750501 
750502 
750503 
750504 
750505 
750506 
750507 
750508 
750509 
750510 
750511 
750512 
750513 
750514 
750515 
750516 
750517 
750518 
750519 
750520 
750521 
750522 
750523 
750524 
750525 
750526 
750527 
750528 
750529 
750530 
750531 
750532 
750533 
750534 
750535 
750536 
750537 
750538 
750539 
750540 
750541 
750542 
750543 
750544 
750545 
750546 
750547 
750548 
750549 
750550 
750551 
750552 
750553 
750554 
750555 
750556 
750557 
750558 
750559 
750560 
750561 
750562 
750563 
750564 
750565 
750566 
750567 
750568 
750569 
750570 
750571 
750572 
750573 
750574 
750575 
750576 
750577 
750578 
750579 
750580 
750581 
750582 
750583 
750584 
750585 
750586 
750587 
750588 
750589 
750590 
750591 
750592 
750593 
750594 
750595 
750596 
750597 
750598 
750599 
750600 
750601 
750602 
750603 
750604 
750605 
750606 
750607 
750608 
750609 
750610 
750611 
750612 
750613 
750614 
750615 
750616 
750617 
750618 
750619 
750620 
750621 
750622 
750623 
750624 
750625 
750626 
750627 
750628 
750629 
750630 
750631 
750632 
750633 
750634 
750635 
750636 
750637 
750638 
750639 
750640 
750641 
750642 
750643 
750644 
750645 
750646 
750647 
750648 
750649 
750650 
750651 
750652 
750653 
750654 
750655 
750656 
750657 
750658 
750659 
750660 
750661 
750662 
750663 
750664 
750665 
750666 
750667 
750668 
750669 
750670 
750671 
750672 
750673 
750674 
750675 
750676 
750677 
750678 
750679 
750680 
750681 
750682 
750683 
750684 
750685 
750686 
750687 
750688 
750689 
750690 
750691 
750692 
750693 
750694 
750695 
750696 
750697 
750698 
750699 
750700 
750701 
750702 
750703 
750704 
750705 
750706 
750707 
750708 
750709 
750710 
750711 
750712 
750713 
750714 
750715 
750716 
750717 
750718 
750719 
750720 
750721 
750722 
750723 
750724 
750725 
750726 
750727 
750728 
750729 
750730 
750731 
750732 
750733 
750734 
750735 
750736 
750737 
750738 
750739 
750740 
750741 
750742 
750743 
750744 
750745 
750746 
750747 
750748 
750749 
750750 
750751 
750752 
750753 
750754 
750755 
750756 
750757 
750758 
750759 
750760 
750761 
750762 
750763 
750764 
750765 
750766 
750767 
750768 
750769 
750770 
750771 
750772 
750773 
750774 
750775 
750776 
750777 
750778 
750779 
750780 
750781 
750782 
750783 
750784 
750785 
750786 
750787 
750788 
750789 
750790 
750791 
750792 
750793 
750794 
750795 
750796 
750797 
750798 
750799 
750800 
750801 
750802 
750803 
750804 
750805 
750806 
750807 
750808 
750809 
750810 
750811 
750812 
750813 
750814 
750815 
750816 
750817 
750818 
750819 
750820 
750821 
750822 
750823 
750824 
750825 
750826 
750827 
750828 
750829 
750830 
750831 
750832 
750833 
750834 
750835 
750836 
750837 
750838 
750839 
750840 
750841 
750842 
750843 
750844 
750845 
750846 
750847 
750848 
750849 
750850 
750851 
750852 
750853 
750854 
750855 
750856 
750857 
750858 
750859 
750860 
750861 
750862 
750863 
750864 
750865 
750866 
750867 
750868 
750869 
750870 
750871 
750872 
750873 
750874 
750875 
750876 
750877 
750878 
750879 
750880 
750881 
750882 
750883 
750884 
750885 
750886 
750887 
750888 
750889 
750890 
750891 
750892 
750893 
750894 
750895 
750896 
750897 
750898 
750899 
750900 
750901 
750902 
750903 
750904 
750905 
750906 
750907 
750908 
750909 
750910 
750911 
750912 
750913 
750914 
750915 
750916 
750917 
750918 
750919 
750920 
750921 
750922 
750923 
750924 
750925 
750926 
750927 
750928 
750929 
750930 
750931 
750932 
750933 
750934 
750935 
750936 
750937 
750938 
750939 
750940 
750941 
750942 
750943 
750944 
750945 
750946 
750947 
750948 
750949 
750950 
750951 
750952 
750953 
750954 
750955 
750956 
750957 
750958 
750959 
750960 
750961 
750962 
750963 
750964 
750965 
750966 
750967 
750968 
750969 
750970 
750971 
750972 
750973 
750974 
750975 
750976 
750977 
750978 
750979 
750980 
750981 
750982 
750983 
750984 
750985 
750986 
750987 
750988 
750989 
750990 
750991 
750992 
750993 
750994 
750995 
750996 
750997 
750998 
750999 
751000 
751001 
751002 
751003 
751004 
751005 
751006 
751007 
751008 
751009 
751010 
751011 
751012 
751013 
751014 
751015 
751016 
751017 
751018 
751019 
751020 
751021 
751022 
751023 
751024 
751025 
751026 
751027 
751028 
751029 
751030 
751031 
751032 
751033 
751034 
751035 
751036 
751037 
751038 
751039 
751040 
751041 
751042 
751043 
751044 
751045 
751046 
751047 
751048 
751049 
751050 
751051 
751052 
751053 
751054 
751055 
751056 
751057 
751058 
751059 
751060 
751061 
751062 
751063 
751064 
751065 
751066 
751067 
751068 
751069 
751070 
751071 
751072 
751073 
751074 
751075 
751076 
751077 
751078 
751079 
751080 
751081 
751082 
751083 
751084 
751085 
751086 
751087 
751088 
751089 
751090 
751091 
751092 
751093 
751094 
751095 
751096 
751097 
751098 
751099 
751100 
751101 
751102 
751103 
751104 
751105 
751106 
751107 
751108 
751109 
751110 
751111 
751112 
751113 
751114 
751115 
751116 
751117 
751118 
751119 
751120 
751121 
751122 
751123 
751124 
751125 
751126 
751127 
751128 
751129 
751130 
751131 
751132 
751133 
751134 
751135 
751136 
751137 
751138 
751139 
751140 
751141 
751142 
751143 
751144 
751145 
751146 
751147 
751148 
751149 
751150 
751151 
751152 
751153 
751154 
751155 
751156 
751157 
751158 
751159 
751160 
751161 
751162 
751163 
751164 
751165 
751166 
751167 
751168 
751169 
751170 
751171 
751172 
751173 
751174 
751175 
751176 
751177 
751178 
751179 
751180 
751181 
751182 
751183 
751184 
751185 
751186 
751187 
751188 
751189 
751190 
751191 
751192 
751193 
751194 
751195 
751196 
751197 
751198 
751199 
751200 
751201 
751202 
751203 
751204 
751205 
751206 
751207 
751208 
751209 
751210 
751211 
751212 
751213 
751214 
751215 
751216 
751217 
751218 
751219 
751220 
751221 
751222 
751223 
751224 
751225 
751226 
751227 
751228 
751229 
751230 
751231 
751232 
751233 
751234 
751235 
751236 
751237 
751238 
751239 
751240 
751241 
751242 
751243 
751244 
751245 
751246 
751247 
751248 
751249 
751250 
751251 
751252 
751253 
751254 
751255 
751256 
751257 
751258 
751259 
751260 
751261 
751262 
751263 
751264 
751265 
751266 
751267 
751268 
751269 
751270 
751271 
751272 
751273 
751274 
751275 
751276 
751277 
751278 
751279 
751280 
751281 
751282 
751283 
751284 
751285 
751286 
751287 
751288 
751289 
751290 
751291 
751292 
751293 
751294 
751295 
751296 
751297 
751298 
751299 
751300 
751301 
751302 
751303 
751304 
751305 
751306 
751307 
751308 
751309 
751310 
751311 
751312 
751313 
751314 
751315 
751316 
751317 
751318 
751319 
751320 
751321 
751322 
751323 
751324 
751325 
751326 
751327 
751328 
751329 
751330 
751331 
751332 
751333 
751334 
751335 
751336 
751337 
751338 
751339 
751340 
751341 
751342 
751343 
751344 
751345 
751346 
751347 
751348 
751349 
751350 
751351 
751352 
751353 
751354 
751355 
751356 
751357 
751358 
751359 
751360 
751361 
751362 
751363 
751364 
751365 
751366 
751367 
751368 
751369 
751370 
751371 
751372 
751373 
751374 
751375 
751376 
751377 
751378 
751379 
751380 
751381 
751382 
751383 
751384 
751385 
751386 
751387 
751388 
751389 
751390 
751391 
751392 
751393 
751394 
751395 
751396 
751397 
751398 
751399 
751400 
751401 
751402 
751403 
751404 
751405 
751406 
751407 
751408 
751409 
751410 
751411 
751412 
751413 
751414 
751415 
751416 
751417 
751418 
751419 
751420 
751421 
751422 
751423 
751424 
751425 
751426 
751427 
751428 
751429 
751430 
751431 
751432 
751433 
751434 
751435 
751436 
751437 
751438 
751439 
751440 
751441 
751442 
751443 
751444 
751445 
751446 
751447 
751448 
751449 
751450 
751451 
751452 
751453 
751454 
751455 
751456 
751457 
751458 
751459 
751460 
751461 
751462 
751463 
751464 
751465 
751466 
751467 
751468 
751469 
751470 
751471 
751472 
751473 
751474 
751475 
751476 
751477 
751478 
751479 
751480 
751481 
751482 
751483 
751484 
751485 
751486 
751487 
751488 
751489 
751490 
751491 
751492 
751493 
751494 
751495 
751496 
751497 
751498 
751499 
751500 
751501 
751502 
751503 
751504 
751505 
751506 
751507 
751508 
751509 
751510 
751511 
751512 
751513 
751514 
751515 
751516 
751517 
751518 
751519 
751520 
751521 
751522 
751523 
751524 
751525 
751526 
751527 
751528 
751529 
751530 
751531 
751532 
751533 
751534 
751535 
751536 
751537 
751538 
751539 
751540 
751541 
751542 
751543 
751544 
751545 
751546 
751547 
751548 
751549 
751550 
751551 
751552 
751553 
751554 
751555 
751556 
751557 
751558 
751559 
751560 
751561 
751562 
751563 
751564 
751565 
751566 
751567 
751568 
751569 
751570 
751571 
751572 
751573 
751574 
751575 
751576 
751577 
751578 
751579 
751580 
751581 
751582 
751583 
751584 
751585 
751586 
751587 
751588 
751589 
751590 
751591 
751592 
751593 
751594 
751595 
751596 
751597 
751598 
751599 
751600 
751601 
751602 
751603 
751604 
751605 
751606 
751607 
751608 
751609 
751610 
751611 
751612 
751613 
751614 
751615 
751616 
751617 
751618 
751619 
751620 
751621 
751622 
751623 
751624 
751625 
751626 
751627 
751628 
751629 
751630 
751631 
751632 
751633 
751634 
751635 
751636 
751637 
751638 
751639 
751640 
751641 
751642 
751643 
751644 
751645 
751646 
751647 
751648 
751649 
751650 
751651 
751652 
751653 
751654 
751655 
751656 
751657 
751658 
751659 
751660 
751661 
751662 
751663 
751664 
751665 
751666 
751667 
751668 
751669 
751670 
751671 
751672 
751673 
751674 
751675 
751676 
751677 
751678 
751679 
751680 
751681 
751682 
751683 
751684 
751685 
751686 
751687 
751688 
751689 
751690 
751691 
751692 
751693 
751694 
751695 
751696 
751697 
751698 
751699 
751700 
751701 
751702 
751703 
751704 
751705 
751706 
751707 
751708 
751709 
751710 
751711 
751712 
751713 
751714 
751715 
751716 
751717 
751718 
751719 
751720 
751721 
751722 
751723 
751724 
751725 
751726 
751727 
751728 
751729 
751730 
751731 
751732 
751733 
751734 
751735 
751736 
751737 
751738 
751739 
751740 
751741 
751742 
751743 
751744 
751745 
751746 
751747 
751748 
751749 
751750 
751751 
751752 
751753 
751754 
751755 
751756 
751757 
751758 
751759 
751760 
751761 
751762 
751763 
751764 
751765 
751766 
751767 
751768 
751769 
751770 
751771 
751772 
751773 
751774 
751775 
751776 
751777 
751778 
751779 
751780 
751781 
751782 
751783 
751784 
751785 
751786 
751787 
751788 
751789 
751790 
751791 
751792 
751793 
751794 
751795 
751796 
751797 
751798 
751799 
751800 
751801 
751802 
751803 
751804 
751805 
751806 
751807 
751808 
751809 
751810 
751811 
751812 
751813 
751814 
751815 
751816 
751817 
751818 
751819 
751820 
751821 
751822 
751823 
751824 
751825 
751826 
751827 
751828 
751829 
751830 
751831 
751832 
751833 
751834 
751835 
751836 
751837 
751838 
751839 
751840 
751841 
751842 
751843 
751844 
751845 
751846 
751847 
751848 
751849 
751850 
751851 
751852 
751853 
751854 
751855 
751856 
751857 
751858 
751859 
751860 
751861 
751862 
751863 
751864 
751865 
751866 
751867 
751868 
751869 
751870 
751871 
751872 
751873 
751874 
751875 
751876 
751877 
751878 
751879 
751880 
751881 
751882 
751883 
751884 
751885 
751886 
751887 
751888 
751889 
751890 
751891 
751892 
751893 
751894 
751895 
751896 
751897 
751898 
751899 
751900 
751901 
751902 
751903 
751904 
751905 
751906 
751907 
751908 
751909 
751910 
751911 
751912 
751913 
751914 
751915 
751916 
751917 
751918 
751919 
751920 
751921 
751922 
751923 
751924 
751925 
751926 
751927 
751928 
751929 
751930 
751931 
751932 
751933 
751934 
751935 
751936 
751937 
751938 
751939 
751940 
751941 
751942 
751943 
751944 
751945 
751946 
751947 
751948 
751949 
751950 
751951 
751952 
751953 
751954 
751955 
751956 
751957 
751958 
751959 
751960 
751961 
751962 
751963 
751964 
751965 
751966 
751967 
751968 
751969 
751970 
751971 
751972 
751973 
751974 
751975 
751976 
751977 
751978 
751979 
751980 
751981 
751982 
751983 
751984 
751985 
751986 
751987 
751988 
751989 
751990 
751991 
751992 
751993 
751994 
751995 
751996 
751997 
751998 
751999 
752000 
752001 
752002 
752003 
752004 
752005 
752006 
752007 
752008 
752009 
752010 
752011 
752012 
752013 
752014 
752015 
752016 
752017 
752018 
752019 
752020 
752021 
752022 
752023 
752024 
752025 
752026 
752027 
752028 
752029 
752030 
752031 
752032 
752033 
752034 
752035 
752036 
752037 
752038 
752039 
752040 
752041 
752042 
752043 
752044 
752045 
752046 
752047 
752048 
752049 
752050 
752051 
752052 
752053 
752054 
752055 
752056 
752057 
752058 
752059 
752060 
752061 
752062 
752063 
752064 
752065 
752066 
752067 
752068 
752069 
752070 
752071 
752072 
752073 
752074 
752075 
752076 
752077 
752078 
752079 
752080 
752081 
752082 
752083 
752084 
752085 
752086 
752087 
752088 
752089 
752090 
752091 
752092 
752093 
752094 
752095 
752096 
752097 
752098 
752099 
752100 
752101 
752102 
752103 
752104 
752105 
752106 
752107 
752108 
752109 
752110 
752111 
752112 
752113 
752114 
752115 
752116 
752117 
752118 
752119 
752120 
752121 
752122 
752123 
752124 
752125 
752126 
752127 
752128 
752129 
752130 
752131 
752132 
752133 
752134 
752135 
752136 
752137 
752138 
752139 
752140 
752141 
752142 
752143 
752144 
752145 
752146 
752147 
752148 
752149 
752150 
752151 
752152 
752153 
752154 
752155 
752156 
752157 
752158 
752159 
752160 
752161 
752162 
752163 
752164 
752165 
752166 
752167 
752168 
752169 
752170 
752171 
752172 
752173 
752174 
752175 
752176 
752177 
752178 
752179 
752180 
752181 
752182 
752183 
752184 
752185 
752186 
752187 
752188 
752189 
752190 
752191 
752192 
752193 
752194 
752195 
752196 
752197 
752198 
752199 
752200 
752201 
752202 
752203 
752204 
752205 
752206 
752207 
752208 
752209 
752210 
752211 
752212 
752213 
752214 
752215 
752216 
752217 
752218 
752219 
752220 
752221 
752222 
752223 
752224 
752225 
752226 
752227 
752228 
752229 
752230 
752231 
752232 
752233 
752234 
752235 
752236 
752237 
752238 
752239 
752240 
752241 
752242 
752243 
752244 
752245 
752246 
752247 
752248 
752249 
752250 
752251 
752252 
752253 
752254 
752255 
752256 
752257 
752258 
752259 
752260 
752261 
752262 
752263 
752264 
752265 
752266 
752267 
752268 
752269 
752270 
752271 
752272 
752273 
752274 
752275 
752276 
752277 
752278 
752279 
752280 
752281 
752282 
752283 
752284 
752285 
752286 
752287 
752288 
752289 
752290 
752291 
752292 
752293 
752294 
752295 
752296 
752297 
752298 
752299 
752300 
752301 
752302 
752303 
752304 
752305 
752306 
752307 
752308 
752309 
752310 
752311 
752312 
752313 
752314 
752315 
752316 
752317 
752318 
752319 
752320 
752321 
752322 
752323 
752324 
752325 
752326 
752327 
752328 
752329 
752330 
752331 
752332 
752333 
752334 
752335 
752336 
752337 
752338 
752339 
752340 
752341 
752342 
752343 
752344 
752345 
752346 
752347 
752348 
752349 
752350 
752351 
752352 
752353 
752354 
752355 
752356 
752357 
752358 
752359 
752360 
752361 
752362 
752363 
752364 
752365 
752366 
752367 
752368 
752369 
752370 
752371 
752372 
752373 
752374 
752375 
752376 
752377 
752378 
752379 
752380 
752381 
752382 
752383 
752384 
752385 
752386 
752387 
752388 
752389 
752390 
752391 
752392 
752393 
752394 
752395 
752396 
752397 
752398 
752399 
752400 
752401 
752402 
752403 
752404 
752405 
752406 
752407 
752408 
752409 
752410 
752411 
752412 
752413 
752414 
752415 
752416 
752417 
752418 
752419 
752420 
752421 
752422 
752423 
752424 
752425 
752426 
752427 
752428 
752429 
752430 
752431 
752432 
752433 
752434 
752435 
752436 
752437 
752438 
752439 
752440 
752441 
752442 
752443 
752444 
752445 
752446 
752447 
752448 
752449 
752450 
752451 
752452 
752453 
752454 
752455 
752456 
752457 
752458 
752459 
752460 
752461 
752462 
752463 
752464 
752465 
752466 
752467 
752468 
752469 
752470 
752471 
752472 
752473 
752474 
752475 
752476 
752477 
752478 
752479 
752480 
752481 
752482 
752483 
752484 
752485 
752486 
752487 
752488 
752489 
752490 
752491 
752492 
752493 
752494 
752495 
752496 
752497 
752498 
752499 
752500 
752501 
752502 
752503 
752504 
752505 
752506 
752507 
752508 
752509 
752510 
752511 
752512 
752513 
752514 
752515 
752516 
752517 
752518 
752519 
752520 
752521 
752522 
752523 
752524 
752525 
752526 
752527 
752528 
752529 
752530 
752531 
752532 
752533 
752534 
752535 
752536 
752537 
752538 
752539 
752540 
752541 
752542 
752543 
752544 
752545 
752546 
752547 
752548 
752549 
752550 
752551 
752552 
752553 
752554 
752555 
752556 
752557 
752558 
752559 
752560 
752561 
752562 
752563 
752564 
752565 
752566 
752567 
752568 
752569 
752570 
752571 
752572 
752573 
752574 
752575 
752576 
752577 
752578 
752579 
752580 
752581 
752582 
752583 
752584 
752585 
752586 
752587 
752588 
752589 
752590 
752591 
752592 
752593 
752594 
752595 
752596 
752597 
752598 
752599 
752600 
752601 
752602 
752603 
752604 
752605 
752606 
752607 
752608 
752609 
752610 
752611 
752612 
752613 
752614 
752615 
752616 
752617 
752618 
752619 
752620 
752621 
752622 
752623 
752624 
752625 
752626 
752627 
752628 
752629 
752630 
752631 
752632 
752633 
752634 
752635 
752636 
752637 
752638 
752639 
752640 
752641 
752642 
752643 
752644 
752645 
752646 
752647 
752648 
752649 
752650 
752651 
752652 
752653 
752654 
752655 
752656 
752657 
752658 
752659 
752660 
752661 
752662 
752663 
752664 
752665 
752666 
752667 
752668 
752669 
752670 
752671 
752672 
752673 
752674 
752675 
752676 
752677 
752678 
752679 
752680 
752681 
752682 
752683 
752684 
752685 
752686 
752687 
752688 
752689 
752690 
752691 
752692 
752693 
752694 
752695 
752696 
752697 
752698 
752699 
752700 
752701 
752702 
752703 
752704 
752705 
752706 
752707 
752708 
752709 
752710 
752711 
752712 
752713 
752714 
752715 
752716 
752717 
752718 
752719 
752720 
752721 
752722 
752723 
752724 
752725 
752726 
752727 
752728 
752729 
752730 
752731 
752732 
752733 
752734 
752735 
752736 
752737 
752738 
752739 
752740 
752741 
752742 
752743 
752744 
752745 
752746 
752747 
752748 
752749 
752750 
752751 
752752 
752753 
752754 
752755 
752756 
752757 
752758 
752759 
752760 
752761 
752762 
752763 
752764 
752765 
752766 
752767 
752768 
752769 
752770 
752771 
752772 
752773 
752774 
752775 
752776 
752777 
752778 
752779 
752780 
752781 
752782 
752783 
752784 
752785 
752786 
752787 
752788 
752789 
752790 
752791 
752792 
752793 
752794 
752795 
752796 
752797 
752798 
752799 
752800 
752801 
752802 
752803 
752804 
752805 
752806 
752807 
752808 
752809 
752810 
752811 
752812 
752813 
752814 
752815 
752816 
752817 
752818 
752819 
752820 
752821 
752822 
752823 
752824 
752825 
752826 
752827 
752828 
752829 
752830 
752831 
752832 
752833 
752834 
752835 
752836 
752837 
752838 
752839 
752840 
752841 
752842 
752843 
752844 
752845 
752846 
752847 
752848 
752849 
752850 
752851 
752852 
752853 
752854 
752855 
752856 
752857 
752858 
752859 
752860 
752861 
752862 
752863 
752864 
752865 
752866 
752867 
752868 
752869 
752870 
752871 
752872 
752873 
752874 
752875 
752876 
752877 
752878 
752879 
752880 
752881 
752882 
752883 
752884 
752885 
752886 
752887 
752888 
752889 
752890 
752891 
752892 
752893 
752894 
752895 
752896 
752897 
752898 
752899 
752900 
752901 
752902 
752903 
752904 
752905 
752906 
752907 
752908 
752909 
752910 
752911 
752912 
752913 
752914 
752915 
752916 
752917 
752918 
752919 
752920 
752921 
752922 
752923 
752924 
752925 
752926 
752927 
752928 
752929 
752930 
752931 
752932 
752933 
752934 
752935 
752936 
752937 
752938 
752939 
752940 
752941 
752942 
752943 
752944 
752945 
752946 
752947 
752948 
752949 
752950 
752951 
752952 
752953 
752954 
752955 
752956 
752957 
752958 
752959 
752960 
752961 
752962 
752963 
752964 
752965 
752966 
752967 
752968 
752969 
752970 
752971 
752972 
752973 
752974 
752975 
752976 
752977 
752978 
752979 
752980 
752981 
752982 
752983 
752984 
752985 
752986 
752987 
752988 
752989 
752990 
752991 
752992 
752993 
752994 
752995 
752996 
752997 
752998 
752999 
753000 
753001 
753002 
753003 
753004 
753005 
753006 
753007 
753008 
753009 
753010 
753011 
753012 
753013 
753014 
753015 
753016 
753017 
753018 
753019 
753020 
753021 
753022 
753023 
753024 
753025 
753026 
753027 
753028 
753029 
753030 
753031 
753032 
753033 
753034 
753035 
753036 
753037 
753038 
753039 
753040 
753041 
753042 
753043 
753044 
753045 
753046 
753047 
753048 
753049 
753050 
753051 
753052 
753053 
753054 
753055 
753056 
753057 
753058 
753059 
753060 
753061 
753062 
753063 
753064 
753065 
753066 
753067 
753068 
753069 
753070 
753071 
753072 
753073 
753074 
753075 
753076 
753077 
753078 
753079 
753080 
753081 
753082 
753083 
753084 
753085 
753086 
753087 
753088 
753089 
753090 
753091 
753092 
753093 
753094 
753095 
753096 
753097 
753098 
753099 
753100 
753101 
753102 
753103 
753104 
753105 
753106 
753107 
753108 
753109 
753110 
753111 
753112 
753113 
753114 
753115 
753116 
753117 
753118 
753119 
753120 
753121 
753122 
753123 
753124 
753125 
753126 
753127 
753128 
753129 
753130 
753131 
753132 
753133 
753134 
753135 
753136 
753137 
753138 
753139 
753140 
753141 
753142 
753143 
753144 
753145 
753146 
753147 
753148 
753149 
753150 
753151 
753152 
753153 
753154 
753155 
753156 
753157 
753158 
753159 
753160 
753161 
753162 
753163 
753164 
753165 
753166 
753167 
753168 
753169 
753170 
753171 
753172 
753173 
753174 
753175 
753176 
753177 
753178 
753179 
753180 
753181 
753182 
753183 
753184 
753185 
753186 
753187 
753188 
753189 
753190 
753191 
753192 
753193 
753194 
753195 
753196 
753197 
753198 
753199 
753200 
753201 
753202 
753203 
753204 
753205 
753206 
753207 
753208 
753209 
753210 
753211 
753212 
753213 
753214 
753215 
753216 
753217 
753218 
753219 
753220 
753221 
753222 
753223 
753224 
753225 
753226 
753227 
753228 
753229 
753230 
753231 
753232 
753233 
753234 
753235 
753236 
753237 
753238 
753239 
753240 
753241 
753242 
753243 
753244 
753245 
753246 
753247 
753248 
753249 
753250 
753251 
753252 
753253 
753254 
753255 
753256 
753257 
753258 
753259 
753260 
753261 
753262 
753263 
753264 
753265 
753266 
753267 
753268 
753269 
753270 
753271 
753272 
753273 
753274 
753275 
753276 
753277 
753278 
753279 
753280 
753281 
753282 
753283 
753284 
753285 
753286 
753287 
753288 
753289 
753290 
753291 
753292 
753293 
753294 
753295 
753296 
753297 
753298 
753299 
753300 
753301 
753302 
753303 
753304 
753305 
753306 
753307 
753308 
753309 
753310 
753311 
753312 
753313 
753314 
753315 
753316 
753317 
753318 
753319 
753320 
753321 
753322 
753323 
753324 
753325 
753326 
753327 
753328 
753329 
753330 
753331 
753332 
753333 
753334 
753335 
753336 
753337 
753338 
753339 
753340 
753341 
753342 
753343 
753344 
753345 
753346 
753347 
753348 
753349 
753350 
753351 
753352 
753353 
753354 
753355 
753356 
753357 
753358 
753359 
753360 
753361 
753362 
753363 
753364 
753365 
753366 
753367 
753368 
753369 
753370 
753371 
753372 
753373 
753374 
753375 
753376 
753377 
753378 
753379 
753380 
753381 
753382 
753383 
753384 
753385 
753386 
753387 
753388 
753389 
753390 
753391 
753392 
753393 
753394 
753395 
753396 
753397 
753398 
753399 
753400 
753401 
753402 
753403 
753404 
753405 
753406 
753407 
753408 
753409 
753410 
753411 
753412 
753413 
753414 
753415 
753416 
753417 
753418 
753419 
753420 
753421 
753422 
753423 
753424 
753425 
753426 
753427 
753428 
753429 
753430 
753431 
753432 
753433 
753434 
753435 
753436 
753437 
753438 
753439 
753440 
753441 
753442 
753443 
753444 
753445 
753446 
753447 
753448 
753449 
753450 
753451 
753452 
753453 
753454 
753455 
753456 
753457 
753458 
753459 
753460 
753461 
753462 
753463 
753464 
753465 
753466 
753467 
753468 
753469 
753470 
753471 
753472 
753473 
753474 
753475 
753476 
753477 
753478 
753479 
753480 
753481 
753482 
753483 
753484 
753485 
753486 
753487 
753488 
753489 
753490 
753491 
753492 
753493 
753494 
753495 
753496 
753497 
753498 
753499 
753500 
753501 
753502 
753503 
753504 
753505 
753506 
753507 
753508 
753509 
753510 
753511 
753512 
753513 
753514 
753515 
753516 
753517 
753518 
753519 
753520 
753521 
753522 
753523 
753524 
753525 
753526 
753527 
753528 
753529 
753530 
753531 
753532 
753533 
753534 
753535 
753536 
753537 
753538 
753539 
753540 
753541 
753542 
753543 
753544 
753545 
753546 
753547 
753548 
753549 
753550 
753551 
753552 
753553 
753554 
753555 
753556 
753557 
753558 
753559 
753560 
753561 
753562 
753563 
753564 
753565 
753566 
753567 
753568 
753569 
753570 
753571 
753572 
753573 
753574 
753575 
753576 
753577 
753578 
753579 
753580 
753581 
753582 
753583 
753584 
753585 
753586 
753587 
753588 
753589 
753590 
753591 
753592 
753593 
753594 
753595 
753596 
753597 
753598 
753599 
753600 
753601 
753602 
753603 
753604 
753605 
753606 
753607 
753608 
753609 
753610 
753611 
753612 
753613 
753614 
753615 
753616 
753617 
753618 
753619 
753620 
753621 
753622 
753623 
753624 
753625 
753626 
753627 
753628 
753629 
753630 
753631 
753632 
753633 
753634 
753635 
753636 
753637 
753638 
753639 
753640 
753641 
753642 
753643 
753644 
753645 
753646 
753647 
753648 
753649 
753650 
753651 
753652 
753653 
753654 
753655 
753656 
753657 
753658 
753659 
753660 
753661 
753662 
753663 
753664 
753665 
753666 
753667 
753668 
753669 
753670 
753671 
753672 
753673 
753674 
753675 
753676 
753677 
753678 
753679 
753680 
753681 
753682 
753683 
753684 
753685 
753686 
753687 
753688 
753689 
753690 
753691 
753692 
753693 
753694 
753695 
753696 
753697 
753698 
753699 
753700 
753701 
753702 
753703 
753704 
753705 
753706 
753707 
753708 
753709 
753710 
753711 
753712 
753713 
753714 
753715 
753716 
753717 
753718 
753719 
753720 
753721 
753722 
753723 
753724 
753725 
753726 
753727 
753728 
753729 
753730 
753731 
753732 
753733 
753734 
753735 
753736 
753737 
753738 
753739 
753740 
753741 
753742 
753743 
753744 
753745 
753746 
753747 
753748 
753749 
753750 
753751 
753752 
753753 
753754 
753755 
753756 
753757 
753758 
753759 
753760 
753761 
753762 
753763 
753764 
753765 
753766 
753767 
753768 
753769 
753770 
753771 
753772 
753773 
753774 
753775 
753776 
753777 
753778 
753779 
753780 
753781 
753782 
753783 
753784 
753785 
753786 
753787 
753788 
753789 
753790 
753791 
753792 
753793 
753794 
753795 
753796 
753797 
753798 
753799 
753800 
753801 
753802 
753803 
753804 
753805 
753806 
753807 
753808 
753809 
753810 
753811 
753812 
753813 
753814 
753815 
753816 
753817 
753818 
753819 
753820 
753821 
753822 
753823 
753824 
753825 
753826 
753827 
753828 
753829 
753830 
753831 
753832 
753833 
753834 
753835 
753836 
753837 
753838 
753839 
753840 
753841 
753842 
753843 
753844 
753845 
753846 
753847 
753848 
753849 
753850 
753851 
753852 
753853 
753854 
753855 
753856 
753857 
753858 
753859 
753860 
753861 
753862 
753863 
753864 
753865 
753866 
753867 
753868 
753869 
753870 
753871 
753872 
753873 
753874 
753875 
753876 
753877 
753878 
753879 
753880 
753881 
753882 
753883 
753884 
753885 
753886 
753887 
753888 
753889 
753890 
753891 
753892 
753893 
753894 
753895 
753896 
753897 
753898 
753899 
753900 
753901 
753902 
753903 
753904 
753905 
753906 
753907 
753908 
753909 
753910 
753911 
753912 
753913 
753914 
753915 
753916 
753917 
753918 
753919 
753920 
753921 
753922 
753923 
753924 
753925 
753926 
753927 
753928 
753929 
753930 
753931 
753932 
753933 
753934 
753935 
753936 
753937 
753938 
753939 
753940 
753941 
753942 
753943 
753944 
753945 
753946 
753947 
753948 
753949 
753950 
753951 
753952 
753953 
753954 
753955 
753956 
753957 
753958 
753959 
753960 
753961 
753962 
753963 
753964 
753965 
753966 
753967 
753968 
753969 
753970 
753971 
753972 
753973 
753974 
753975 
753976 
753977 
753978 
753979 
753980 
753981 
753982 
753983 
753984 
753985 
753986 
753987 
753988 
753989 
753990 
753991 
753992 
753993 
753994 
753995 
753996 
753997 
753998 
753999 
754000 
754001 
754002 
754003 
754004 
754005 
754006 
754007 
754008 
754009 
754010 
754011 
754012 
754013 
754014 
754015 
754016 
754017 
754018 
754019 
754020 
754021 
754022 
754023 
754024 
754025 
754026 
754027 
754028 
754029 
754030 
754031 
754032 
754033 
754034 
754035 
754036 
754037 
754038 
754039 
754040 
754041 
754042 
754043 
754044 
754045 
754046 
754047 
754048 
754049 
754050 
754051 
754052 
754053 
754054 
754055 
754056 
754057 
754058 
754059 
754060 
754061 
754062 
754063 
754064 
754065 
754066 
754067 
754068 
754069 
754070 
754071 
754072 
754073 
754074 
754075 
754076 
754077 
754078 
754079 
754080 
754081 
754082 
754083 
754084 
754085 
754086 
754087 
754088 
754089 
754090 
754091 
754092 
754093 
754094 
754095 
754096 
754097 
754098 
754099 
754100 
754101 
754102 
754103 
754104 
754105 
754106 
754107 
754108 
754109 
754110 
754111 
754112 
754113 
754114 
754115 
754116 
754117 
754118 
754119 
754120 
754121 
754122 
754123 
754124 
754125 
754126 
754127 
754128 
754129 
754130 
754131 
754132 
754133 
754134 
754135 
754136 
754137 
754138 
754139 
754140 
754141 
754142 
754143 
754144 
754145 
754146 
754147 
754148 
754149 
754150 
754151 
754152 
754153 
754154 
754155 
754156 
754157 
754158 
754159 
754160 
754161 
754162 
754163 
754164 
754165 
754166 
754167 
754168 
754169 
754170 
754171 
754172 
754173 
754174 
754175 
754176 
754177 
754178 
754179 
754180 
754181 
754182 
754183 
754184 
754185 
754186 
754187 
754188 
754189 
754190 
754191 
754192 
754193 
754194 
754195 
754196 
754197 
754198 
754199 
754200 
754201 
754202 
754203 
754204 
754205 
754206 
754207 
754208 
754209 
754210 
754211 
754212 
754213 
754214 
754215 
754216 
754217 
754218 
754219 
754220 
754221 
754222 
754223 
754224 
754225 
754226 
754227 
754228 
754229 
754230 
754231 
754232 
754233 
754234 
754235 
754236 
754237 
754238 
754239 
754240 
754241 
754242 
754243 
754244 
754245 
754246 
754247 
754248 
754249 
754250 
754251 
754252 
754253 
754254 
754255 
754256 
754257 
754258 
754259 
754260 
754261 
754262 
754263 
754264 
754265 
754266 
754267 
754268 
754269 
754270 
754271 
754272 
754273 
754274 
754275 
754276 
754277 
754278 
754279 
754280 
754281 
754282 
754283 
754284 
754285 
754286 
754287 
754288 
754289 
754290 
754291 
754292 
754293 
754294 
754295 
754296 
754297 
754298 
754299 
754300 
754301 
754302 
754303 
754304 
754305 
754306 
754307 
754308 
754309 
754310 
754311 
754312 
754313 
754314 
754315 
754316 
754317 
754318 
754319 
754320 
754321 
754322 
754323 
754324 
754325 
754326 
754327 
754328 
754329 
754330 
754331 
754332 
754333 
754334 
754335 
754336 
754337 
754338 
754339 
754340 
754341 
754342 
754343 
754344 
754345 
754346 
754347 
754348 
754349 
754350 
754351 
754352 
754353 
754354 
754355 
754356 
754357 
754358 
754359 
754360 
754361 
754362 
754363 
754364 
754365 
754366 
754367 
754368 
754369 
754370 
754371 
754372 
754373 
754374 
754375 
754376 
754377 
754378 
754379 
754380 
754381 
754382 
754383 
754384 
754385 
754386 
754387 
754388 
754389 
754390 
754391 
754392 
754393 
754394 
754395 
754396 
754397 
754398 
754399 
754400 
754401 
754402 
754403 
754404 
754405 
754406 
754407 
754408 
754409 
754410 
754411 
754412 
754413 
754414 
754415 
754416 
754417 
754418 
754419 
754420 
754421 
754422 
754423 
754424 
754425 
754426 
754427 
754428 
754429 
754430 
754431 
754432 
754433 
754434 
754435 
754436 
754437 
754438 
754439 
754440 
754441 
754442 
754443 
754444 
754445 
754446 
754447 
754448 
754449 
754450 
754451 
754452 
754453 
754454 
754455 
754456 
754457 
754458 
754459 
754460 
754461 
754462 
754463 
754464 
754465 
754466 
754467 
754468 
754469 
754470 
754471 
754472 
754473 
754474 
754475 
754476 
754477 
754478 
754479 
754480 
754481 
754482 
754483 
754484 
754485 
754486 
754487 
754488 
754489 
754490 
754491 
754492 
754493 
754494 
754495 
754496 
754497 
754498 
754499 
754500 
754501 
754502 
754503 
754504 
754505 
754506 
754507 
754508 
754509 
754510 
754511 
754512 
754513 
754514 
754515 
754516 
754517 
754518 
754519 
754520 
754521 
754522 
754523 
754524 
754525 
754526 
754527 
754528 
754529 
754530 
754531 
754532 
754533 
754534 
754535 
754536 
754537 
754538 
754539 
754540 
754541 
754542 
754543 
754544 
754545 
754546 
754547 
754548 
754549 
754550 
754551 
754552 
754553 
754554 
754555 
754556 
754557 
754558 
754559 
754560 
754561 
754562 
754563 
754564 
754565 
754566 
754567 
754568 
754569 
754570 
754571 
754572 
754573 
754574 
754575 
754576 
754577 
754578 
754579 
754580 
754581 
754582 
754583 
754584 
754585 
754586 
754587 
754588 
754589 
754590 
754591 
754592 
754593 
754594 
754595 
754596 
754597 
754598 
754599 
754600 
754601 
754602 
754603 
754604 
754605 
754606 
754607 
754608 
754609 
754610 
754611 
754612 
754613 
754614 
754615 
754616 
754617 
754618 
754619 
754620 
754621 
754622 
754623 
754624 
754625 
754626 
754627 
754628 
754629 
754630 
754631 
754632 
754633 
754634 
754635 
754636 
754637 
754638 
754639 
754640 
754641 
754642 
754643 
754644 
754645 
754646 
754647 
754648 
754649 
754650 
754651 
754652 
754653 
754654 
754655 
754656 
754657 
754658 
754659 
754660 
754661 
754662 
754663 
754664 
754665 
754666 
754667 
754668 
754669 
754670 
754671 
754672 
754673 
754674 
754675 
754676 
754677 
754678 
754679 
754680 
754681 
754682 
754683 
754684 
754685 
754686 
754687 
754688 
754689 
754690 
754691 
754692 
754693 
754694 
754695 
754696 
754697 
754698 
754699 
754700 
754701 
754702 
754703 
754704 
754705 
754706 
754707 
754708 
754709 
754710 
754711 
754712 
754713 
754714 
754715 
754716 
754717 
754718 
754719 
754720 
754721 
754722 
754723 
754724 
754725 
754726 
754727 
754728 
754729 
754730 
754731 
754732 
754733 
754734 
754735 
754736 
754737 
754738 
754739 
754740 
754741 
754742 
754743 
754744 
754745 
754746 
754747 
754748 
754749 
754750 
754751 
754752 
754753 
754754 
754755 
754756 
754757 
754758 
754759 
754760 
754761 
754762 
754763 
754764 
754765 
754766 
754767 
754768 
754769 
754770 
754771 
754772 
754773 
754774 
754775 
754776 
754777 
754778 
754779 
754780 
754781 
754782 
754783 
754784 
754785 
754786 
754787 
754788 
754789 
754790 
754791 
754792 
754793 
754794 
754795 
754796 
754797 
754798 
754799 
754800 
754801 
754802 
754803 
754804 
754805 
754806 
754807 
754808 
754809 
754810 
754811 
754812 
754813 
754814 
754815 
754816 
754817 
754818 
754819 
754820 
754821 
754822 
754823 
754824 
754825 
754826 
754827 
754828 
754829 
754830 
754831 
754832 
754833 
754834 
754835 
754836 
754837 
754838 
754839 
754840 
754841 
754842 
754843 
754844 
754845 
754846 
754847 
754848 
754849 
754850 
754851 
754852 
754853 
754854 
754855 
754856 
754857 
754858 
754859 
754860 
754861 
754862 
754863 
754864 
754865 
754866 
754867 
754868 
754869 
754870 
754871 
754872 
754873 
754874 
754875 
754876 
754877 
754878 
754879 
754880 
754881 
754882 
754883 
754884 
754885 
754886 
754887 
754888 
754889 
754890 
754891 
754892 
754893 
754894 
754895 
754896 
754897 
754898 
754899 
754900 
754901 
754902 
754903 
754904 
754905 
754906 
754907 
754908 
754909 
754910 
754911 
754912 
754913 
754914 
754915 
754916 
754917 
754918 
754919 
754920 
754921 
754922 
754923 
754924 
754925 
754926 
754927 
754928 
754929 
754930 
754931 
754932 
754933 
754934 
754935 
754936 
754937 
754938 
754939 
754940 
754941 
754942 
754943 
754944 
754945 
754946 
754947 
754948 
754949 
754950 
754951 
754952 
754953 
754954 
754955 
754956 
754957 
754958 
754959 
754960 
754961 
754962 
754963 
754964 
754965 
754966 
754967 
754968 
754969 
754970 
754971 
754972 
754973 
754974 
754975 
754976 
754977 
754978 
754979 
754980 
754981 
754982 
754983 
754984 
754985 
754986 
754987 
754988 
754989 
754990 
754991 
754992 
754993 
754994 
754995 
754996 
754997 
754998 
754999 
755000 
755001 
755002 
755003 
755004 
755005 
755006 
755007 
755008 
755009 
755010 
755011 
755012 
755013 
755014 
755015 
755016 
755017 
755018 
755019 
755020 
755021 
755022 
755023 
755024 
755025 
755026 
755027 
755028 
755029 
755030 
755031 
755032 
755033 
755034 
755035 
755036 
755037 
755038 
755039 
755040 
755041 
755042 
755043 
755044 
755045 
755046 
755047 
755048 
755049 
755050 
755051 
755052 
755053 
755054 
755055 
755056 
755057 
755058 
755059 
755060 
755061 
755062 
755063 
755064 
755065 
755066 
755067 
755068 
755069 
755070 
755071 
755072 
755073 
755074 
755075 
755076 
755077 
755078 
755079 
755080 
755081 
755082 
755083 
755084 
755085 
755086 
755087 
755088 
755089 
755090 
755091 
755092 
755093 
755094 
755095 
755096 
755097 
755098 
755099 
755100 
755101 
755102 
755103 
755104 
755105 
755106 
755107 
755108 
755109 
755110 
755111 
755112 
755113 
755114 
755115 
755116 
755117 
755118 
755119 
755120 
755121 
755122 
755123 
755124 
755125 
755126 
755127 
755128 
755129 
755130 
755131 
755132 
755133 
755134 
755135 
755136 
755137 
755138 
755139 
755140 
755141 
755142 
755143 
755144 
755145 
755146 
755147 
755148 
755149 
755150 
755151 
755152 
755153 
755154 
755155 
755156 
755157 
755158 
755159 
755160 
755161 
755162 
755163 
755164 
755165 
755166 
755167 
755168 
755169 
755170 
755171 
755172 
755173 
755174 
755175 
755176 
755177 
755178 
755179 
755180 
755181 
755182 
755183 
755184 
755185 
755186 
755187 
755188 
755189 
755190 
755191 
755192 
755193 
755194 
755195 
755196 
755197 
755198 
755199 
755200 
755201 
755202 
755203 
755204 
755205 
755206 
755207 
755208 
755209 
755210 
755211 
755212 
755213 
755214 
755215 
755216 
755217 
755218 
755219 
755220 
755221 
755222 
755223 
755224 
755225 
755226 
755227 
755228 
755229 
755230 
755231 
755232 
755233 
755234 
755235 
755236 
755237 
755238 
755239 
755240 
755241 
755242 
755243 
755244 
755245 
755246 
755247 
755248 
755249 
755250 
755251 
755252 
755253 
755254 
755255 
755256 
755257 
755258 
755259 
755260 
755261 
755262 
755263 
755264 
755265 
755266 
755267 
755268 
755269 
755270 
755271 
755272 
755273 
755274 
755275 
755276 
755277 
755278 
755279 
755280 
755281 
755282 
755283 
755284 
755285 
755286 
755287 
755288 
755289 
755290 
755291 
755292 
755293 
755294 
755295 
755296 
755297 
755298 
755299 
755300 
755301 
755302 
755303 
755304 
755305 
755306 
755307 
755308 
755309 
755310 
755311 
755312 
755313 
755314 
755315 
755316 
755317 
755318 
755319 
755320 
755321 
755322 
755323 
755324 
755325 
755326 
755327 
755328 
755329 
755330 
755331 
755332 
755333 
755334 
755335 
755336 
755337 
755338 
755339 
755340 
755341 
755342 
755343 
755344 
755345 
755346 
755347 
755348 
755349 
755350 
755351 
755352 
755353 
755354 
755355 
755356 
755357 
755358 
755359 
755360 
755361 
755362 
755363 
755364 
755365 
755366 
755367 
755368 
755369 
755370 
755371 
755372 
755373 
755374 
755375 
755376 
755377 
755378 
755379 
755380 
755381 
755382 
755383 
755384 
755385 
755386 
755387 
755388 
755389 
755390 
755391 
755392 
755393 
755394 
755395 
755396 
755397 
755398 
755399 
755400 
755401 
755402 
755403 
755404 
755405 
755406 
755407 
755408 
755409 
755410 
755411 
755412 
755413 
755414 
755415 
755416 
755417 
755418 
755419 
755420 
755421 
755422 
755423 
755424 
755425 
755426 
755427 
755428 
755429 
755430 
755431 
755432 
755433 
755434 
755435 
755436 
755437 
755438 
755439 
755440 
755441 
755442 
755443 
755444 
755445 
755446 
755447 
755448 
755449 
755450 
755451 
755452 
755453 
755454 
755455 
755456 
755457 
755458 
755459 
755460 
755461 
755462 
755463 
755464 
755465 
755466 
755467 
755468 
755469 
755470 
755471 
755472 
755473 
755474 
755475 
755476 
755477 
755478 
755479 
755480 
755481 
755482 
755483 
755484 
755485 
755486 
755487 
755488 
755489 
755490 
755491 
755492 
755493 
755494 
755495 
755496 
755497 
755498 
755499 
755500 
755501 
755502 
755503 
755504 
755505 
755506 
755507 
755508 
755509 
755510 
755511 
755512 
755513 
755514 
755515 
755516 
755517 
755518 
755519 
755520 
755521 
755522 
755523 
755524 
755525 
755526 
755527 
755528 
755529 
755530 
755531 
755532 
755533 
755534 
755535 
755536 
755537 
755538 
755539 
755540 
755541 
755542 
755543 
755544 
755545 
755546 
755547 
755548 
755549 
755550 
755551 
755552 
755553 
755554 
755555 
755556 
755557 
755558 
755559 
755560 
755561 
755562 
755563 
755564 
755565 
755566 
755567 
755568 
755569 
755570 
755571 
755572 
755573 
755574 
755575 
755576 
755577 
755578 
755579 
755580 
755581 
755582 
755583 
755584 
755585 
755586 
755587 
755588 
755589 
755590 
755591 
755592 
755593 
755594 
755595 
755596 
755597 
755598 
755599 
755600 
755601 
755602 
755603 
755604 
755605 
755606 
755607 
755608 
755609 
755610 
755611 
755612 
755613 
755614 
755615 
755616 
755617 
755618 
755619 
755620 
755621 
755622 
755623 
755624 
755625 
755626 
755627 
755628 
755629 
755630 
755631 
755632 
755633 
755634 
755635 
755636 
755637 
755638 
755639 
755640 
755641 
755642 
755643 
755644 
755645 
755646 
755647 
755648 
755649 
755650 
755651 
755652 
755653 
755654 
755655 
755656 
755657 
755658 
755659 
755660 
755661 
755662 
755663 
755664 
755665 
755666 
755667 
755668 
755669 
755670 
755671 
755672 
755673 
755674 
755675 
755676 
755677 
755678 
755679 
755680 
755681 
755682 
755683 
755684 
755685 
755686 
755687 
755688 
755689 
755690 
755691 
755692 
755693 
755694 
755695 
755696 
755697 
755698 
755699 
755700 
755701 
755702 
755703 
755704 
755705 
755706 
755707 
755708 
755709 
755710 
755711 
755712 
755713 
755714 
755715 
755716 
755717 
755718 
755719 
755720 
755721 
755722 
755723 
755724 
755725 
755726 
755727 
755728 
755729 
755730 
755731 
755732 
755733 
755734 
755735 
755736 
755737 
755738 
755739 
755740 
755741 
755742 
755743 
755744 
755745 
755746 
755747 
755748 
755749 
755750 
755751 
755752 
755753 
755754 
755755 
755756 
755757 
755758 
755759 
755760 
755761 
755762 
755763 
755764 
755765 
755766 
755767 
755768 
755769 
755770 
755771 
755772 
755773 
755774 
755775 
755776 
755777 
755778 
755779 
755780 
755781 
755782 
755783 
755784 
755785 
755786 
755787 
755788 
755789 
755790 
755791 
755792 
755793 
755794 
755795 
755796 
755797 
755798 
755799 
755800 
755801 
755802 
755803 
755804 
755805 
755806 
755807 
755808 
755809 
755810 
755811 
755812 
755813 
755814 
755815 
755816 
755817 
755818 
755819 
755820 
755821 
755822 
755823 
755824 
755825 
755826 
755827 
755828 
755829 
755830 
755831 
755832 
755833 
755834 
755835 
755836 
755837 
755838 
755839 
755840 
755841 
755842 
755843 
755844 
755845 
755846 
755847 
755848 
755849 
755850 
755851 
755852 
755853 
755854 
755855 
755856 
755857 
755858 
755859 
755860 
755861 
755862 
755863 
755864 
755865 
755866 
755867 
755868 
755869 
755870 
755871 
755872 
755873 
755874 
755875 
755876 
755877 
755878 
755879 
755880 
755881 
755882 
755883 
755884 
755885 
755886 
755887 
755888 
755889 
755890 
755891 
755892 
755893 
755894 
755895 
755896 
755897 
755898 
755899 
755900 
755901 
755902 
755903 
755904 
755905 
755906 
755907 
755908 
755909 
755910 
755911 
755912 
755913 
755914 
755915 
755916 
755917 
755918 
755919 
755920 
755921 
755922 
755923 
755924 
755925 
755926 
755927 
755928 
755929 
755930 
755931 
755932 
755933 
755934 
755935 
755936 
755937 
755938 
755939 
755940 
755941 
755942 
755943 
755944 
755945 
755946 
755947 
755948 
755949 
755950 
755951 
755952 
755953 
755954 
755955 
755956 
755957 
755958 
755959 
755960 
755961 
755962 
755963 
755964 
755965 
755966 
755967 
755968 
755969 
755970 
755971 
755972 
755973 
755974 
755975 
755976 
755977 
755978 
755979 
755980 
755981 
755982 
755983 
755984 
755985 
755986 
755987 
755988 
755989 
755990 
755991 
755992 
755993 
755994 
755995 
755996 
755997 
755998 
755999 
756000 
756001 
756002 
756003 
756004 
756005 
756006 
756007 
756008 
756009 
756010 
756011 
756012 
756013 
756014 
756015 
756016 
756017 
756018 
756019 
756020 
756021 
756022 
756023 
756024 
756025 
756026 
756027 
756028 
756029 
756030 
756031 
756032 
756033 
756034 
756035 
756036 
756037 
756038 
756039 
756040 
756041 
756042 
756043 
756044 
756045 
756046 
756047 
756048 
756049 
756050 
756051 
756052 
756053 
756054 
756055 
756056 
756057 
756058 
756059 
756060 
756061 
756062 
756063 
756064 
756065 
756066 
756067 
756068 
756069 
756070 
756071 
756072 
756073 
756074 
756075 
756076 
756077 
756078 
756079 
756080 
756081 
756082 
756083 
756084 
756085 
756086 
756087 
756088 
756089 
756090 
756091 
756092 
756093 
756094 
756095 
756096 
756097 
756098 
756099 
756100 
756101 
756102 
756103 
756104 
756105 
756106 
756107 
756108 
756109 
756110 
756111 
756112 
756113 
756114 
756115 
756116 
756117 
756118 
756119 
756120 
756121 
756122 
756123 
756124 
756125 
756126 
756127 
756128 
756129 
756130 
756131 
756132 
756133 
756134 
756135 
756136 
756137 
756138 
756139 
756140 
756141 
756142 
756143 
756144 
756145 
756146 
756147 
756148 
756149 
756150 
756151 
756152 
756153 
756154 
756155 
756156 
756157 
756158 
756159 
756160 
756161 
756162 
756163 
756164 
756165 
756166 
756167 
756168 
756169 
756170 
756171 
756172 
756173 
756174 
756175 
756176 
756177 
756178 
756179 
756180 
756181 
756182 
756183 
756184 
756185 
756186 
756187 
756188 
756189 
756190 
756191 
756192 
756193 
756194 
756195 
756196 
756197 
756198 
756199 
756200 
756201 
756202 
756203 
756204 
756205 
756206 
756207 
756208 
756209 
756210 
756211 
756212 
756213 
756214 
756215 
756216 
756217 
756218 
756219 
756220 
756221 
756222 
756223 
756224 
756225 
756226 
756227 
756228 
756229 
756230 
756231 
756232 
756233 
756234 
756235 
756236 
756237 
756238 
756239 
756240 
756241 
756242 
756243 
756244 
756245 
756246 
756247 
756248 
756249 
756250 
756251 
756252 
756253 
756254 
756255 
756256 
756257 
756258 
756259 
756260 
756261 
756262 
756263 
756264 
756265 
756266 
756267 
756268 
756269 
756270 
756271 
756272 
756273 
756274 
756275 
756276 
756277 
756278 
756279 
756280 
756281 
756282 
756283 
756284 
756285 
756286 
756287 
756288 
756289 
756290 
756291 
756292 
756293 
756294 
756295 
756296 
756297 
756298 
756299 
756300 
756301 
756302 
756303 
756304 
756305 
756306 
756307 
756308 
756309 
756310 
756311 
756312 
756313 
756314 
756315 
756316 
756317 
756318 
756319 
756320 
756321 
756322 
756323 
756324 
756325 
756326 
756327 
756328 
756329 
756330 
756331 
756332 
756333 
756334 
756335 
756336 
756337 
756338 
756339 
756340 
756341 
756342 
756343 
756344 
756345 
756346 
756347 
756348 
756349 
756350 
756351 
756352 
756353 
756354 
756355 
756356 
756357 
756358 
756359 
756360 
756361 
756362 
756363 
756364 
756365 
756366 
756367 
756368 
756369 
756370 
756371 
756372 
756373 
756374 
756375 
756376 
756377 
756378 
756379 
756380 
756381 
756382 
756383 
756384 
756385 
756386 
756387 
756388 
756389 
756390 
756391 
756392 
756393 
756394 
756395 
756396 
756397 
756398 
756399 
756400 
756401 
756402 
756403 
756404 
756405 
756406 
756407 
756408 
756409 
756410 
756411 
756412 
756413 
756414 
756415 
756416 
756417 
756418 
756419 
756420 
756421 
756422 
756423 
756424 
756425 
756426 
756427 
756428 
756429 
756430 
756431 
756432 
756433 
756434 
756435 
756436 
756437 
756438 
756439 
756440 
756441 
756442 
756443 
756444 
756445 
756446 
756447 
756448 
756449 
756450 
756451 
756452 
756453 
756454 
756455 
756456 
756457 
756458 
756459 
756460 
756461 
756462 
756463 
756464 
756465 
756466 
756467 
756468 
756469 
756470 
756471 
756472 
756473 
756474 
756475 
756476 
756477 
756478 
756479 
756480 
756481 
756482 
756483 
756484 
756485 
756486 
756487 
756488 
756489 
756490 
756491 
756492 
756493 
756494 
756495 
756496 
756497 
756498 
756499 
756500 
756501 
756502 
756503 
756504 
756505 
756506 
756507 
756508 
756509 
756510 
756511 
756512 
756513 
756514 
756515 
756516 
756517 
756518 
756519 
756520 
756521 
756522 
756523 
756524 
756525 
756526 
756527 
756528 
756529 
756530 
756531 
756532 
756533 
756534 
756535 
756536 
756537 
756538 
756539 
756540 
756541 
756542 
756543 
756544 
756545 
756546 
756547 
756548 
756549 
756550 
756551 
756552 
756553 
756554 
756555 
756556 
756557 
756558 
756559 
756560 
756561 
756562 
756563 
756564 
756565 
756566 
756567 
756568 
756569 
756570 
756571 
756572 
756573 
756574 
756575 
756576 
756577 
756578 
756579 
756580 
756581 
756582 
756583 
756584 
756585 
756586 
756587 
756588 
756589 
756590 
756591 
756592 
756593 
756594 
756595 
756596 
756597 
756598 
756599 
756600 
756601 
756602 
756603 
756604 
756605 
756606 
756607 
756608 
756609 
756610 
756611 
756612 
756613 
756614 
756615 
756616 
756617 
756618 
756619 
756620 
756621 
756622 
756623 
756624 
756625 
756626 
756627 
756628 
756629 
756630 
756631 
756632 
756633 
756634 
756635 
756636 
756637 
756638 
756639 
756640 
756641 
756642 
756643 
756644 
756645 
756646 
756647 
756648 
756649 
756650 
756651 
756652 
756653 
756654 
756655 
756656 
756657 
756658 
756659 
756660 
756661 
756662 
756663 
756664 
756665 
756666 
756667 
756668 
756669 
756670 
756671 
756672 
756673 
756674 
756675 
756676 
756677 
756678 
756679 
756680 
756681 
756682 
756683 
756684 
756685 
756686 
756687 
756688 
756689 
756690 
756691 
756692 
756693 
756694 
756695 
756696 
756697 
756698 
756699 
756700 
756701 
756702 
756703 
756704 
756705 
756706 
756707 
756708 
756709 
756710 
756711 
756712 
756713 
756714 
756715 
756716 
756717 
756718 
756719 
756720 
756721 
756722 
756723 
756724 
756725 
756726 
756727 
756728 
756729 
756730 
756731 
756732 
756733 
756734 
756735 
756736 
756737 
756738 
756739 
756740 
756741 
756742 
756743 
756744 
756745 
756746 
756747 
756748 
756749 
756750 
756751 
756752 
756753 
756754 
756755 
756756 
756757 
756758 
756759 
756760 
756761 
756762 
756763 
756764 
756765 
756766 
756767 
756768 
756769 
756770 
756771 
756772 
756773 
756774 
756775 
756776 
756777 
756778 
756779 
756780 
756781 
756782 
756783 
756784 
756785 
756786 
756787 
756788 
756789 
756790 
756791 
756792 
756793 
756794 
756795 
756796 
756797 
756798 
756799 
756800 
756801 
756802 
756803 
756804 
756805 
756806 
756807 
756808 
756809 
756810 
756811 
756812 
756813 
756814 
756815 
756816 
756817 
756818 
756819 
756820 
756821 
756822 
756823 
756824 
756825 
756826 
756827 
756828 
756829 
756830 
756831 
756832 
756833 
756834 
756835 
756836 
756837 
756838 
756839 
756840 
756841 
756842 
756843 
756844 
756845 
756846 
756847 
756848 
756849 
756850 
756851 
756852 
756853 
756854 
756855 
756856 
756857 
756858 
756859 
756860 
756861 
756862 
756863 
756864 
756865 
756866 
756867 
756868 
756869 
756870 
756871 
756872 
756873 
756874 
756875 
756876 
756877 
756878 
756879 
756880 
756881 
756882 
756883 
756884 
756885 
756886 
756887 
756888 
756889 
756890 
756891 
756892 
756893 
756894 
756895 
756896 
756897 
756898 
756899 
756900 
756901 
756902 
756903 
756904 
756905 
756906 
756907 
756908 
756909 
756910 
756911 
756912 
756913 
756914 
756915 
756916 
756917 
756918 
756919 
756920 
756921 
756922 
756923 
756924 
756925 
756926 
756927 
756928 
756929 
756930 
756931 
756932 
756933 
756934 
756935 
756936 
756937 
756938 
756939 
756940 
756941 
756942 
756943 
756944 
756945 
756946 
756947 
756948 
756949 
756950 
756951 
756952 
756953 
756954 
756955 
756956 
756957 
756958 
756959 
756960 
756961 
756962 
756963 
756964 
756965 
756966 
756967 
756968 
756969 
756970 
756971 
756972 
756973 
756974 
756975 
756976 
756977 
756978 
756979 
756980 
756981 
756982 
756983 
756984 
756985 
756986 
756987 
756988 
756989 
756990 
756991 
756992 
756993 
756994 
756995 
756996 
756997 
756998 
756999 
757000 
757001 
757002 
757003 
757004 
757005 
757006 
757007 
757008 
757009 
757010 
757011 
757012 
757013 
757014 
757015 
757016 
757017 
757018 
757019 
757020 
757021 
757022 
757023 
757024 
757025 
757026 
757027 
757028 
757029 
757030 
757031 
757032 
757033 
757034 
757035 
757036 
757037 
757038 
757039 
757040 
757041 
757042 
757043 
757044 
757045 
757046 
757047 
757048 
757049 
757050 
757051 
757052 
757053 
757054 
757055 
757056 
757057 
757058 
757059 
757060 
757061 
757062 
757063 
757064 
757065 
757066 
757067 
757068 
757069 
757070 
757071 
757072 
757073 
757074 
757075 
757076 
757077 
757078 
757079 
757080 
757081 
757082 
757083 
757084 
757085 
757086 
757087 
757088 
757089 
757090 
757091 
757092 
757093 
757094 
757095 
757096 
757097 
757098 
757099 
757100 
757101 
757102 
757103 
757104 
757105 
757106 
757107 
757108 
757109 
757110 
757111 
757112 
757113 
757114 
757115 
757116 
757117 
757118 
757119 
757120 
757121 
757122 
757123 
757124 
757125 
757126 
757127 
757128 
757129 
757130 
757131 
757132 
757133 
757134 
757135 
757136 
757137 
757138 
757139 
757140 
757141 
757142 
757143 
757144 
757145 
757146 
757147 
757148 
757149 
757150 
757151 
757152 
757153 
757154 
757155 
757156 
757157 
757158 
757159 
757160 
757161 
757162 
757163 
757164 
757165 
757166 
757167 
757168 
757169 
757170 
757171 
757172 
757173 
757174 
757175 
757176 
757177 
757178 
757179 
757180 
757181 
757182 
757183 
757184 
757185 
757186 
757187 
757188 
757189 
757190 
757191 
757192 
757193 
757194 
757195 
757196 
757197 
757198 
757199 
757200 
757201 
757202 
757203 
757204 
757205 
757206 
757207 
757208 
757209 
757210 
757211 
757212 
757213 
757214 
757215 
757216 
757217 
757218 
757219 
757220 
757221 
757222 
757223 
757224 
757225 
757226 
757227 
757228 
757229 
757230 
757231 
757232 
757233 
757234 
757235 
757236 
757237 
757238 
757239 
757240 
757241 
757242 
757243 
757244 
757245 
757246 
757247 
757248 
757249 
757250 
757251 
757252 
757253 
757254 
757255 
757256 
757257 
757258 
757259 
757260 
757261 
757262 
757263 
757264 
757265 
757266 
757267 
757268 
757269 
757270 
757271 
757272 
757273 
757274 
757275 
757276 
757277 
757278 
757279 
757280 
757281 
757282 
757283 
757284 
757285 
757286 
757287 
757288 
757289 
757290 
757291 
757292 
757293 
757294 
757295 
757296 
757297 
757298 
757299 
757300 
757301 
757302 
757303 
757304 
757305 
757306 
757307 
757308 
757309 
757310 
757311 
757312 
757313 
757314 
757315 
757316 
757317 
757318 
757319 
757320 
757321 
757322 
757323 
757324 
757325 
757326 
757327 
757328 
757329 
757330 
757331 
757332 
757333 
757334 
757335 
757336 
757337 
757338 
757339 
757340 
757341 
757342 
757343 
757344 
757345 
757346 
757347 
757348 
757349 
757350 
757351 
757352 
757353 
757354 
757355 
757356 
757357 
757358 
757359 
757360 
757361 
757362 
757363 
757364 
757365 
757366 
757367 
757368 
757369 
757370 
757371 
757372 
757373 
757374 
757375 
757376 
757377 
757378 
757379 
757380 
757381 
757382 
757383 
757384 
757385 
757386 
757387 
757388 
757389 
757390 
757391 
757392 
757393 
757394 
757395 
757396 
757397 
757398 
757399 
757400 
757401 
757402 
757403 
757404 
757405 
757406 
757407 
757408 
757409 
757410 
757411 
757412 
757413 
757414 
757415 
757416 
757417 
757418 
757419 
757420 
757421 
757422 
757423 
757424 
757425 
757426 
757427 
757428 
757429 
757430 
757431 
757432 
757433 
757434 
757435 
757436 
757437 
757438 
757439 
757440 
757441 
757442 
757443 
757444 
757445 
757446 
757447 
757448 
757449 
757450 
757451 
757452 
757453 
757454 
757455 
757456 
757457 
757458 
757459 
757460 
757461 
757462 
757463 
757464 
757465 
757466 
757467 
757468 
757469 
757470 
757471 
757472 
757473 
757474 
757475 
757476 
757477 
757478 
757479 
757480 
757481 
757482 
757483 
757484 
757485 
757486 
757487 
757488 
757489 
757490 
757491 
757492 
757493 
757494 
757495 
757496 
757497 
757498 
757499 
757500 
757501 
757502 
757503 
757504 
757505 
757506 
757507 
757508 
757509 
757510 
757511 
757512 
757513 
757514 
757515 
757516 
757517 
757518 
757519 
757520 
757521 
757522 
757523 
757524 
757525 
757526 
757527 
757528 
757529 
757530 
757531 
757532 
757533 
757534 
757535 
757536 
757537 
757538 
757539 
757540 
757541 
757542 
757543 
757544 
757545 
757546 
757547 
757548 
757549 
757550 
757551 
757552 
757553 
757554 
757555 
757556 
757557 
757558 
757559 
757560 
757561 
757562 
757563 
757564 
757565 
757566 
757567 
757568 
757569 
757570 
757571 
757572 
757573 
757574 
757575 
757576 
757577 
757578 
757579 
757580 
757581 
757582 
757583 
757584 
757585 
757586 
757587 
757588 
757589 
757590 
757591 
757592 
757593 
757594 
757595 
757596 
757597 
757598 
757599 
757600 
757601 
757602 
757603 
757604 
757605 
757606 
757607 
757608 
757609 
757610 
757611 
757612 
757613 
757614 
757615 
757616 
757617 
757618 
757619 
757620 
757621 
757622 
757623 
757624 
757625 
757626 
757627 
757628 
757629 
757630 
757631 
757632 
757633 
757634 
757635 
757636 
757637 
757638 
757639 
757640 
757641 
757642 
757643 
757644 
757645 
757646 
757647 
757648 
757649 
757650 
757651 
757652 
757653 
757654 
757655 
757656 
757657 
757658 
757659 
757660 
757661 
757662 
757663 
757664 
757665 
757666 
757667 
757668 
757669 
757670 
757671 
757672 
757673 
757674 
757675 
757676 
757677 
757678 
757679 
757680 
757681 
757682 
757683 
757684 
757685 
757686 
757687 
757688 
757689 
757690 
757691 
757692 
757693 
757694 
757695 
757696 
757697 
757698 
757699 
757700 
757701 
757702 
757703 
757704 
757705 
757706 
757707 
757708 
757709 
757710 
757711 
757712 
757713 
757714 
757715 
757716 
757717 
757718 
757719 
757720 
757721 
757722 
757723 
757724 
757725 
757726 
757727 
757728 
757729 
757730 
757731 
757732 
757733 
757734 
757735 
757736 
757737 
757738 
757739 
757740 
757741 
757742 
757743 
757744 
757745 
757746 
757747 
757748 
757749 
757750 
757751 
757752 
757753 
757754 
757755 
757756 
757757 
757758 
757759 
757760 
757761 
757762 
757763 
757764 
757765 
757766 
757767 
757768 
757769 
757770 
757771 
757772 
757773 
757774 
757775 
757776 
757777 
757778 
757779 
757780 
757781 
757782 
757783 
757784 
757785 
757786 
757787 
757788 
757789 
757790 
757791 
757792 
757793 
757794 
757795 
757796 
757797 
757798 
757799 
757800 
757801 
757802 
757803 
757804 
757805 
757806 
757807 
757808 
757809 
757810 
757811 
757812 
757813 
757814 
757815 
757816 
757817 
757818 
757819 
757820 
757821 
757822 
757823 
757824 
757825 
757826 
757827 
757828 
757829 
757830 
757831 
757832 
757833 
757834 
757835 
757836 
757837 
757838 
757839 
757840 
757841 
757842 
757843 
757844 
757845 
757846 
757847 
757848 
757849 
757850 
757851 
757852 
757853 
757854 
757855 
757856 
757857 
757858 
757859 
757860 
757861 
757862 
757863 
757864 
757865 
757866 
757867 
757868 
757869 
757870 
757871 
757872 
757873 
757874 
757875 
757876 
757877 
757878 
757879 
757880 
757881 
757882 
757883 
757884 
757885 
757886 
757887 
757888 
757889 
757890 
757891 
757892 
757893 
757894 
757895 
757896 
757897 
757898 
757899 
757900 
757901 
757902 
757903 
757904 
757905 
757906 
757907 
757908 
757909 
757910 
757911 
757912 
757913 
757914 
757915 
757916 
757917 
757918 
757919 
757920 
757921 
757922 
757923 
757924 
757925 
757926 
757927 
757928 
757929 
757930 
757931 
757932 
757933 
757934 
757935 
757936 
757937 
757938 
757939 
757940 
757941 
757942 
757943 
757944 
757945 
757946 
757947 
757948 
757949 
757950 
757951 
757952 
757953 
757954 
757955 
757956 
757957 
757958 
757959 
757960 
757961 
757962 
757963 
757964 
757965 
757966 
757967 
757968 
757969 
757970 
757971 
757972 
757973 
757974 
757975 
757976 
757977 
757978 
757979 
757980 
757981 
757982 
757983 
757984 
757985 
757986 
757987 
757988 
757989 
757990 
757991 
757992 
757993 
757994 
757995 
757996 
757997 
757998 
757999 
758000 
758001 
758002 
758003 
758004 
758005 
758006 
758007 
758008 
758009 
758010 
758011 
758012 
758013 
758014 
758015 
758016 
758017 
758018 
758019 
758020 
758021 
758022 
758023 
758024 
758025 
758026 
758027 
758028 
758029 
758030 
758031 
758032 
758033 
758034 
758035 
758036 
758037 
758038 
758039 
758040 
758041 
758042 
758043 
758044 
758045 
758046 
758047 
758048 
758049 
758050 
758051 
758052 
758053 
758054 
758055 
758056 
758057 
758058 
758059 
758060 
758061 
758062 
758063 
758064 
758065 
758066 
758067 
758068 
758069 
758070 
758071 
758072 
758073 
758074 
758075 
758076 
758077 
758078 
758079 
758080 
758081 
758082 
758083 
758084 
758085 
758086 
758087 
758088 
758089 
758090 
758091 
758092 
758093 
758094 
758095 
758096 
758097 
758098 
758099 
758100 
758101 
758102 
758103 
758104 
758105 
758106 
758107 
758108 
758109 
758110 
758111 
758112 
758113 
758114 
758115 
758116 
758117 
758118 
758119 
758120 
758121 
758122 
758123 
758124 
758125 
758126 
758127 
758128 
758129 
758130 
758131 
758132 
758133 
758134 
758135 
758136 
758137 
758138 
758139 
758140 
758141 
758142 
758143 
758144 
758145 
758146 
758147 
758148 
758149 
758150 
758151 
758152 
758153 
758154 
758155 
758156 
758157 
758158 
758159 
758160 
758161 
758162 
758163 
758164 
758165 
758166 
758167 
758168 
758169 
758170 
758171 
758172 
758173 
758174 
758175 
758176 
758177 
758178 
758179 
758180 
758181 
758182 
758183 
758184 
758185 
758186 
758187 
758188 
758189 
758190 
758191 
758192 
758193 
758194 
758195 
758196 
758197 
758198 
758199 
758200 
758201 
758202 
758203 
758204 
758205 
758206 
758207 
758208 
758209 
758210 
758211 
758212 
758213 
758214 
758215 
758216 
758217 
758218 
758219 
758220 
758221 
758222 
758223 
758224 
758225 
758226 
758227 
758228 
758229 
758230 
758231 
758232 
758233 
758234 
758235 
758236 
758237 
758238 
758239 
758240 
758241 
758242 
758243 
758244 
758245 
758246 
758247 
758248 
758249 
758250 
758251 
758252 
758253 
758254 
758255 
758256 
758257 
758258 
758259 
758260 
758261 
758262 
758263 
758264 
758265 
758266 
758267 
758268 
758269 
758270 
758271 
758272 
758273 
758274 
758275 
758276 
758277 
758278 
758279 
758280 
758281 
758282 
758283 
758284 
758285 
758286 
758287 
758288 
758289 
758290 
758291 
758292 
758293 
758294 
758295 
758296 
758297 
758298 
758299 
758300 
758301 
758302 
758303 
758304 
758305 
758306 
758307 
758308 
758309 
758310 
758311 
758312 
758313 
758314 
758315 
758316 
758317 
758318 
758319 
758320 
758321 
758322 
758323 
758324 
758325 
758326 
758327 
758328 
758329 
758330 
758331 
758332 
758333 
758334 
758335 
758336 
758337 
758338 
758339 
758340 
758341 
758342 
758343 
758344 
758345 
758346 
758347 
758348 
758349 
758350 
758351 
758352 
758353 
758354 
758355 
758356 
758357 
758358 
758359 
758360 
758361 
758362 
758363 
758364 
758365 
758366 
758367 
758368 
758369 
758370 
758371 
758372 
758373 
758374 
758375 
758376 
758377 
758378 
758379 
758380 
758381 
758382 
758383 
758384 
758385 
758386 
758387 
758388 
758389 
758390 
758391 
758392 
758393 
758394 
758395 
758396 
758397 
758398 
758399 
758400 
758401 
758402 
758403 
758404 
758405 
758406 
758407 
758408 
758409 
758410 
758411 
758412 
758413 
758414 
758415 
758416 
758417 
758418 
758419 
758420 
758421 
758422 
758423 
758424 
758425 
758426 
758427 
758428 
758429 
758430 
758431 
758432 
758433 
758434 
758435 
758436 
758437 
758438 
758439 
758440 
758441 
758442 
758443 
758444 
758445 
758446 
758447 
758448 
758449 
758450 
758451 
758452 
758453 
758454 
758455 
758456 
758457 
758458 
758459 
758460 
758461 
758462 
758463 
758464 
758465 
758466 
758467 
758468 
758469 
758470 
758471 
758472 
758473 
758474 
758475 
758476 
758477 
758478 
758479 
758480 
758481 
758482 
758483 
758484 
758485 
758486 
758487 
758488 
758489 
758490 
758491 
758492 
758493 
758494 
758495 
758496 
758497 
758498 
758499 
758500 
758501 
758502 
758503 
758504 
758505 
758506 
758507 
758508 
758509 
758510 
758511 
758512 
758513 
758514 
758515 
758516 
758517 
758518 
758519 
758520 
758521 
758522 
758523 
758524 
758525 
758526 
758527 
758528 
758529 
758530 
758531 
758532 
758533 
758534 
758535 
758536 
758537 
758538 
758539 
758540 
758541 
758542 
758543 
758544 
758545 
758546 
758547 
758548 
758549 
758550 
758551 
758552 
758553 
758554 
758555 
758556 
758557 
758558 
758559 
758560 
758561 
758562 
758563 
758564 
758565 
758566 
758567 
758568 
758569 
758570 
758571 
758572 
758573 
758574 
758575 
758576 
758577 
758578 
758579 
758580 
758581 
758582 
758583 
758584 
758585 
758586 
758587 
758588 
758589 
758590 
758591 
758592 
758593 
758594 
758595 
758596 
758597 
758598 
758599 
758600 
758601 
758602 
758603 
758604 
758605 
758606 
758607 
758608 
758609 
758610 
758611 
758612 
758613 
758614 
758615 
758616 
758617 
758618 
758619 
758620 
758621 
758622 
758623 
758624 
758625 
758626 
758627 
758628 
758629 
758630 
758631 
758632 
758633 
758634 
758635 
758636 
758637 
758638 
758639 
758640 
758641 
758642 
758643 
758644 
758645 
758646 
758647 
758648 
758649 
758650 
758651 
758652 
758653 
758654 
758655 
758656 
758657 
758658 
758659 
758660 
758661 
758662 
758663 
758664 
758665 
758666 
758667 
758668 
758669 
758670 
758671 
758672 
758673 
758674 
758675 
758676 
758677 
758678 
758679 
758680 
758681 
758682 
758683 
758684 
758685 
758686 
758687 
758688 
758689 
758690 
758691 
758692 
758693 
758694 
758695 
758696 
758697 
758698 
758699 
758700 
758701 
758702 
758703 
758704 
758705 
758706 
758707 
758708 
758709 
758710 
758711 
758712 
758713 
758714 
758715 
758716 
758717 
758718 
758719 
758720 
758721 
758722 
758723 
758724 
758725 
758726 
758727 
758728 
758729 
758730 
758731 
758732 
758733 
758734 
758735 
758736 
758737 
758738 
758739 
758740 
758741 
758742 
758743 
758744 
758745 
758746 
758747 
758748 
758749 
758750 
758751 
758752 
758753 
758754 
758755 
758756 
758757 
758758 
758759 
758760 
758761 
758762 
758763 
758764 
758765 
758766 
758767 
758768 
758769 
758770 
758771 
758772 
758773 
758774 
758775 
758776 
758777 
758778 
758779 
758780 
758781 
758782 
758783 
758784 
758785 
758786 
758787 
758788 
758789 
758790 
758791 
758792 
758793 
758794 
758795 
758796 
758797 
758798 
758799 
758800 
758801 
758802 
758803 
758804 
758805 
758806 
758807 
758808 
758809 
758810 
758811 
758812 
758813 
758814 
758815 
758816 
758817 
758818 
758819 
758820 
758821 
758822 
758823 
758824 
758825 
758826 
758827 
758828 
758829 
758830 
758831 
758832 
758833 
758834 
758835 
758836 
758837 
758838 
758839 
758840 
758841 
758842 
758843 
758844 
758845 
758846 
758847 
758848 
758849 
758850 
758851 
758852 
758853 
758854 
758855 
758856 
758857 
758858 
758859 
758860 
758861 
758862 
758863 
758864 
758865 
758866 
758867 
758868 
758869 
758870 
758871 
758872 
758873 
758874 
758875 
758876 
758877 
758878 
758879 
758880 
758881 
758882 
758883 
758884 
758885 
758886 
758887 
758888 
758889 
758890 
758891 
758892 
758893 
758894 
758895 
758896 
758897 
758898 
758899 
758900 
758901 
758902 
758903 
758904 
758905 
758906 
758907 
758908 
758909 
758910 
758911 
758912 
758913 
758914 
758915 
758916 
758917 
758918 
758919 
758920 
758921 
758922 
758923 
758924 
758925 
758926 
758927 
758928 
758929 
758930 
758931 
758932 
758933 
758934 
758935 
758936 
758937 
758938 
758939 
758940 
758941 
758942 
758943 
758944 
758945 
758946 
758947 
758948 
758949 
758950 
758951 
758952 
758953 
758954 
758955 
758956 
758957 
758958 
758959 
758960 
758961 
758962 
758963 
758964 
758965 
758966 
758967 
758968 
758969 
758970 
758971 
758972 
758973 
758974 
758975 
758976 
758977 
758978 
758979 
758980 
758981 
758982 
758983 
758984 
758985 
758986 
758987 
758988 
758989 
758990 
758991 
758992 
758993 
758994 
758995 
758996 
758997 
758998 
758999 
759000 
759001 
759002 
759003 
759004 
759005 
759006 
759007 
759008 
759009 
759010 
759011 
759012 
759013 
759014 
759015 
759016 
759017 
759018 
759019 
759020 
759021 
759022 
759023 
759024 
759025 
759026 
759027 
759028 
759029 
759030 
759031 
759032 
759033 
759034 
759035 
759036 
759037 
759038 
759039 
759040 
759041 
759042 
759043 
759044 
759045 
759046 
759047 
759048 
759049 
759050 
759051 
759052 
759053 
759054 
759055 
759056 
759057 
759058 
759059 
759060 
759061 
759062 
759063 
759064 
759065 
759066 
759067 
759068 
759069 
759070 
759071 
759072 
759073 
759074 
759075 
759076 
759077 
759078 
759079 
759080 
759081 
759082 
759083 
759084 
759085 
759086 
759087 
759088 
759089 
759090 
759091 
759092 
759093 
759094 
759095 
759096 
759097 
759098 
759099 
759100 
759101 
759102 
759103 
759104 
759105 
759106 
759107 
759108 
759109 
759110 
759111 
759112 
759113 
759114 
759115 
759116 
759117 
759118 
759119 
759120 
759121 
759122 
759123 
759124 
759125 
759126 
759127 
759128 
759129 
759130 
759131 
759132 
759133 
759134 
759135 
759136 
759137 
759138 
759139 
759140 
759141 
759142 
759143 
759144 
759145 
759146 
759147 
759148 
759149 
759150 
759151 
759152 
759153 
759154 
759155 
759156 
759157 
759158 
759159 
759160 
759161 
759162 
759163 
759164 
759165 
759166 
759167 
759168 
759169 
759170 
759171 
759172 
759173 
759174 
759175 
759176 
759177 
759178 
759179 
759180 
759181 
759182 
759183 
759184 
759185 
759186 
759187 
759188 
759189 
759190 
759191 
759192 
759193 
759194 
759195 
759196 
759197 
759198 
759199 
759200 
759201 
759202 
759203 
759204 
759205 
759206 
759207 
759208 
759209 
759210 
759211 
759212 
759213 
759214 
759215 
759216 
759217 
759218 
759219 
759220 
759221 
759222 
759223 
759224 
759225 
759226 
759227 
759228 
759229 
759230 
759231 
759232 
759233 
759234 
759235 
759236 
759237 
759238 
759239 
759240 
759241 
759242 
759243 
759244 
759245 
759246 
759247 
759248 
759249 
759250 
759251 
759252 
759253 
759254 
759255 
759256 
759257 
759258 
759259 
759260 
759261 
759262 
759263 
759264 
759265 
759266 
759267 
759268 
759269 
759270 
759271 
759272 
759273 
759274 
759275 
759276 
759277 
759278 
759279 
759280 
759281 
759282 
759283 
759284 
759285 
759286 
759287 
759288 
759289 
759290 
759291 
759292 
759293 
759294 
759295 
759296 
759297 
759298 
759299 
759300 
759301 
759302 
759303 
759304 
759305 
759306 
759307 
759308 
759309 
759310 
759311 
759312 
759313 
759314 
759315 
759316 
759317 
759318 
759319 
759320 
759321 
759322 
759323 
759324 
759325 
759326 
759327 
759328 
759329 
759330 
759331 
759332 
759333 
759334 
759335 
759336 
759337 
759338 
759339 
759340 
759341 
759342 
759343 
759344 
759345 
759346 
759347 
759348 
759349 
759350 
759351 
759352 
759353 
759354 
759355 
759356 
759357 
759358 
759359 
759360 
759361 
759362 
759363 
759364 
759365 
759366 
759367 
759368 
759369 
759370 
759371 
759372 
759373 
759374 
759375 
759376 
759377 
759378 
759379 
759380 
759381 
759382 
759383 
759384 
759385 
759386 
759387 
759388 
759389 
759390 
759391 
759392 
759393 
759394 
759395 
759396 
759397 
759398 
759399 
759400 
759401 
759402 
759403 
759404 
759405 
759406 
759407 
759408 
759409 
759410 
759411 
759412 
759413 
759414 
759415 
759416 
759417 
759418 
759419 
759420 
759421 
759422 
759423 
759424 
759425 
759426 
759427 
759428 
759429 
759430 
759431 
759432 
759433 
759434 
759435 
759436 
759437 
759438 
759439 
759440 
759441 
759442 
759443 
759444 
759445 
759446 
759447 
759448 
759449 
759450 
759451 
759452 
759453 
759454 
759455 
759456 
759457 
759458 
759459 
759460 
759461 
759462 
759463 
759464 
759465 
759466 
759467 
759468 
759469 
759470 
759471 
759472 
759473 
759474 
759475 
759476 
759477 
759478 
759479 
759480 
759481 
759482 
759483 
759484 
759485 
759486 
759487 
759488 
759489 
759490 
759491 
759492 
759493 
759494 
759495 
759496 
759497 
759498 
759499 
759500 
759501 
759502 
759503 
759504 
759505 
759506 
759507 
759508 
759509 
759510 
759511 
759512 
759513 
759514 
759515 
759516 
759517 
759518 
759519 
759520 
759521 
759522 
759523 
759524 
759525 
759526 
759527 
759528 
759529 
759530 
759531 
759532 
759533 
759534 
759535 
759536 
759537 
759538 
759539 
759540 
759541 
759542 
759543 
759544 
759545 
759546 
759547 
759548 
759549 
759550 
759551 
759552 
759553 
759554 
759555 
759556 
759557 
759558 
759559 
759560 
759561 
759562 
759563 
759564 
759565 
759566 
759567 
759568 
759569 
759570 
759571 
759572 
759573 
759574 
759575 
759576 
759577 
759578 
759579 
759580 
759581 
759582 
759583 
759584 
759585 
759586 
759587 
759588 
759589 
759590 
759591 
759592 
759593 
759594 
759595 
759596 
759597 
759598 
759599 
759600 
759601 
759602 
759603 
759604 
759605 
759606 
759607 
759608 
759609 
759610 
759611 
759612 
759613 
759614 
759615 
759616 
759617 
759618 
759619 
759620 
759621 
759622 
759623 
759624 
759625 
759626 
759627 
759628 
759629 
759630 
759631 
759632 
759633 
759634 
759635 
759636 
759637 
759638 
759639 
759640 
759641 
759642 
759643 
759644 
759645 
759646 
759647 
759648 
759649 
759650 
759651 
759652 
759653 
759654 
759655 
759656 
759657 
759658 
759659 
759660 
759661 
759662 
759663 
759664 
759665 
759666 
759667 
759668 
759669 
759670 
759671 
759672 
759673 
759674 
759675 
759676 
759677 
759678 
759679 
759680 
759681 
759682 
759683 
759684 
759685 
759686 
759687 
759688 
759689 
759690 
759691 
759692 
759693 
759694 
759695 
759696 
759697 
759698 
759699 
759700 
759701 
759702 
759703 
759704 
759705 
759706 
759707 
759708 
759709 
759710 
759711 
759712 
759713 
759714 
759715 
759716 
759717 
759718 
759719 
759720 
759721 
759722 
759723 
759724 
759725 
759726 
759727 
759728 
759729 
759730 
759731 
759732 
759733 
759734 
759735 
759736 
759737 
759738 
759739 
759740 
759741 
759742 
759743 
759744 
759745 
759746 
759747 
759748 
759749 
759750 
759751 
759752 
759753 
759754 
759755 
759756 
759757 
759758 
759759 
759760 
759761 
759762 
759763 
759764 
759765 
759766 
759767 
759768 
759769 
759770 
759771 
759772 
759773 
759774 
759775 
759776 
759777 
759778 
759779 
759780 
759781 
759782 
759783 
759784 
759785 
759786 
759787 
759788 
759789 
759790 
759791 
759792 
759793 
759794 
759795 
759796 
759797 
759798 
759799 
759800 
759801 
759802 
759803 
759804 
759805 
759806 
759807 
759808 
759809 
759810 
759811 
759812 
759813 
759814 
759815 
759816 
759817 
759818 
759819 
759820 
759821 
759822 
759823 
759824 
759825 
759826 
759827 
759828 
759829 
759830 
759831 
759832 
759833 
759834 
759835 
759836 
759837 
759838 
759839 
759840 
759841 
759842 
759843 
759844 
759845 
759846 
759847 
759848 
759849 
759850 
759851 
759852 
759853 
759854 
759855 
759856 
759857 
759858 
759859 
759860 
759861 
759862 
759863 
759864 
759865 
759866 
759867 
759868 
759869 
759870 
759871 
759872 
759873 
759874 
759875 
759876 
759877 
759878 
759879 
759880 
759881 
759882 
759883 
759884 
759885 
759886 
759887 
759888 
759889 
759890 
759891 
759892 
759893 
759894 
759895 
759896 
759897 
759898 
759899 
759900 
759901 
759902 
759903 
759904 
759905 
759906 
759907 
759908 
759909 
759910 
759911 
759912 
759913 
759914 
759915 
759916 
759917 
759918 
759919 
759920 
759921 
759922 
759923 
759924 
759925 
759926 
759927 
759928 
759929 
759930 
759931 
759932 
759933 
759934 
759935 
759936 
759937 
759938 
759939 
759940 
759941 
759942 
759943 
759944 
759945 
759946 
759947 
759948 
759949 
759950 
759951 
759952 
759953 
759954 
759955 
759956 
759957 
759958 
759959 
759960 
759961 
759962 
759963 
759964 
759965 
759966 
759967 
759968 
759969 
759970 
759971 
759972 
759973 
759974 
759975 
759976 
759977 
759978 
759979 
759980 
759981 
759982 
759983 
759984 
759985 
759986 
759987 
759988 
759989 
759990 
759991 
759992 
759993 
759994 
759995 
759996 
759997 
759998 
759999 
760000 
760001 
760002 
760003 
760004 
760005 
760006 
760007 
760008 
760009 
760010 
760011 
760012 
760013 
760014 
760015 
760016 
760017 
760018 
760019 
760020 
760021 
760022 
760023 
760024 
760025 
760026 
760027 
760028 
760029 
760030 
760031 
760032 
760033 
760034 
760035 
760036 
760037 
760038 
760039 
760040 
760041 
760042 
760043 
760044 
760045 
760046 
760047 
760048 
760049 
760050 
760051 
760052 
760053 
760054 
760055 
760056 
760057 
760058 
760059 
760060 
760061 
760062 
760063 
760064 
760065 
760066 
760067 
760068 
760069 
760070 
760071 
760072 
760073 
760074 
760075 
760076 
760077 
760078 
760079 
760080 
760081 
760082 
760083 
760084 
760085 
760086 
760087 
760088 
760089 
760090 
760091 
760092 
760093 
760094 
760095 
760096 
760097 
760098 
760099 
760100 
760101 
760102 
760103 
760104 
760105 
760106 
760107 
760108 
760109 
760110 
760111 
760112 
760113 
760114 
760115 
760116 
760117 
760118 
760119 
760120 
760121 
760122 
760123 
760124 
760125 
760126 
760127 
760128 
760129 
760130 
760131 
760132 
760133 
760134 
760135 
760136 
760137 
760138 
760139 
760140 
760141 
760142 
760143 
760144 
760145 
760146 
760147 
760148 
760149 
760150 
760151 
760152 
760153 
760154 
760155 
760156 
760157 
760158 
760159 
760160 
760161 
760162 
760163 
760164 
760165 
760166 
760167 
760168 
760169 
760170 
760171 
760172 
760173 
760174 
760175 
760176 
760177 
760178 
760179 
760180 
760181 
760182 
760183 
760184 
760185 
760186 
760187 
760188 
760189 
760190 
760191 
760192 
760193 
760194 
760195 
760196 
760197 
760198 
760199 
760200 
760201 
760202 
760203 
760204 
760205 
760206 
760207 
760208 
760209 
760210 
760211 
760212 
760213 
760214 
760215 
760216 
760217 
760218 
760219 
760220 
760221 
760222 
760223 
760224 
760225 
760226 
760227 
760228 
760229 
760230 
760231 
760232 
760233 
760234 
760235 
760236 
760237 
760238 
760239 
760240 
760241 
760242 
760243 
760244 
760245 
760246 
760247 
760248 
760249 
760250 
760251 
760252 
760253 
760254 
760255 
760256 
760257 
760258 
760259 
760260 
760261 
760262 
760263 
760264 
760265 
760266 
760267 
760268 
760269 
760270 
760271 
760272 
760273 
760274 
760275 
760276 
760277 
760278 
760279 
760280 
760281 
760282 
760283 
760284 
760285 
760286 
760287 
760288 
760289 
760290 
760291 
760292 
760293 
760294 
760295 
760296 
760297 
760298 
760299 
760300 
760301 
760302 
760303 
760304 
760305 
760306 
760307 
760308 
760309 
760310 
760311 
760312 
760313 
760314 
760315 
760316 
760317 
760318 
760319 
760320 
760321 
760322 
760323 
760324 
760325 
760326 
760327 
760328 
760329 
760330 
760331 
760332 
760333 
760334 
760335 
760336 
760337 
760338 
760339 
760340 
760341 
760342 
760343 
760344 
760345 
760346 
760347 
760348 
760349 
760350 
760351 
760352 
760353 
760354 
760355 
760356 
760357 
760358 
760359 
760360 
760361 
760362 
760363 
760364 
760365 
760366 
760367 
760368 
760369 
760370 
760371 
760372 
760373 
760374 
760375 
760376 
760377 
760378 
760379 
760380 
760381 
760382 
760383 
760384 
760385 
760386 
760387 
760388 
760389 
760390 
760391 
760392 
760393 
760394 
760395 
760396 
760397 
760398 
760399 
760400 
760401 
760402 
760403 
760404 
760405 
760406 
760407 
760408 
760409 
760410 
760411 
760412 
760413 
760414 
760415 
760416 
760417 
760418 
760419 
760420 
760421 
760422 
760423 
760424 
760425 
760426 
760427 
760428 
760429 
760430 
760431 
760432 
760433 
760434 
760435 
760436 
760437 
760438 
760439 
760440 
760441 
760442 
760443 
760444 
760445 
760446 
760447 
760448 
760449 
760450 
760451 
760452 
760453 
760454 
760455 
760456 
760457 
760458 
760459 
760460 
760461 
760462 
760463 
760464 
760465 
760466 
760467 
760468 
760469 
760470 
760471 
760472 
760473 
760474 
760475 
760476 
760477 
760478 
760479 
760480 
760481 
760482 
760483 
760484 
760485 
760486 
760487 
760488 
760489 
760490 
760491 
760492 
760493 
760494 
760495 
760496 
760497 
760498 
760499 
760500 
760501 
760502 
760503 
760504 
760505 
760506 
760507 
760508 
760509 
760510 
760511 
760512 
760513 
760514 
760515 
760516 
760517 
760518 
760519 
760520 
760521 
760522 
760523 
760524 
760525 
760526 
760527 
760528 
760529 
760530 
760531 
760532 
760533 
760534 
760535 
760536 
760537 
760538 
760539 
760540 
760541 
760542 
760543 
760544 
760545 
760546 
760547 
760548 
760549 
760550 
760551 
760552 
760553 
760554 
760555 
760556 
760557 
760558 
760559 
760560 
760561 
760562 
760563 
760564 
760565 
760566 
760567 
760568 
760569 
760570 
760571 
760572 
760573 
760574 
760575 
760576 
760577 
760578 
760579 
760580 
760581 
760582 
760583 
760584 
760585 
760586 
760587 
760588 
760589 
760590 
760591 
760592 
760593 
760594 
760595 
760596 
760597 
760598 
760599 
760600 
760601 
760602 
760603 
760604 
760605 
760606 
760607 
760608 
760609 
760610 
760611 
760612 
760613 
760614 
760615 
760616 
760617 
760618 
760619 
760620 
760621 
760622 
760623 
760624 
760625 
760626 
760627 
760628 
760629 
760630 
760631 
760632 
760633 
760634 
760635 
760636 
760637 
760638 
760639 
760640 
760641 
760642 
760643 
760644 
760645 
760646 
760647 
760648 
760649 
760650 
760651 
760652 
760653 
760654 
760655 
760656 
760657 
760658 
760659 
760660 
760661 
760662 
760663 
760664 
760665 
760666 
760667 
760668 
760669 
760670 
760671 
760672 
760673 
760674 
760675 
760676 
760677 
760678 
760679 
760680 
760681 
760682 
760683 
760684 
760685 
760686 
760687 
760688 
760689 
760690 
760691 
760692 
760693 
760694 
760695 
760696 
760697 
760698 
760699 
760700 
760701 
760702 
760703 
760704 
760705 
760706 
760707 
760708 
760709 
760710 
760711 
760712 
760713 
760714 
760715 
760716 
760717 
760718 
760719 
760720 
760721 
760722 
760723 
760724 
760725 
760726 
760727 
760728 
760729 
760730 
760731 
760732 
760733 
760734 
760735 
760736 
760737 
760738 
760739 
760740 
760741 
760742 
760743 
760744 
760745 
760746 
760747 
760748 
760749 
760750 
760751 
760752 
760753 
760754 
760755 
760756 
760757 
760758 
760759 
760760 
760761 
760762 
760763 
760764 
760765 
760766 
760767 
760768 
760769 
760770 
760771 
760772 
760773 
760774 
760775 
760776 
760777 
760778 
760779 
760780 
760781 
760782 
760783 
760784 
760785 
760786 
760787 
760788 
760789 
760790 
760791 
760792 
760793 
760794 
760795 
760796 
760797 
760798 
760799 
760800 
760801 
760802 
760803 
760804 
760805 
760806 
760807 
760808 
760809 
760810 
760811 
760812 
760813 
760814 
760815 
760816 
760817 
760818 
760819 
760820 
760821 
760822 
760823 
760824 
760825 
760826 
760827 
760828 
760829 
760830 
760831 
760832 
760833 
760834 
760835 
760836 
760837 
760838 
760839 
760840 
760841 
760842 
760843 
760844 
760845 
760846 
760847 
760848 
760849 
760850 
760851 
760852 
760853 
760854 
760855 
760856 
760857 
760858 
760859 
760860 
760861 
760862 
760863 
760864 
760865 
760866 
760867 
760868 
760869 
760870 
760871 
760872 
760873 
760874 
760875 
760876 
760877 
760878 
760879 
760880 
760881 
760882 
760883 
760884 
760885 
760886 
760887 
760888 
760889 
760890 
760891 
760892 
760893 
760894 
760895 
760896 
760897 
760898 
760899 
760900 
760901 
760902 
760903 
760904 
760905 
760906 
760907 
760908 
760909 
760910 
760911 
760912 
760913 
760914 
760915 
760916 
760917 
760918 
760919 
760920 
760921 
760922 
760923 
760924 
760925 
760926 
760927 
760928 
760929 
760930 
760931 
760932 
760933 
760934 
760935 
760936 
760937 
760938 
760939 
760940 
760941 
760942 
760943 
760944 
760945 
760946 
760947 
760948 
760949 
760950 
760951 
760952 
760953 
760954 
760955 
760956 
760957 
760958 
760959 
760960 
760961 
760962 
760963 
760964 
760965 
760966 
760967 
760968 
760969 
760970 
760971 
760972 
760973 
760974 
760975 
760976 
760977 
760978 
760979 
760980 
760981 
760982 
760983 
760984 
760985 
760986 
760987 
760988 
760989 
760990 
760991 
760992 
760993 
760994 
760995 
760996 
760997 
760998 
760999 
761000 
761001 
761002 
761003 
761004 
761005 
761006 
761007 
761008 
761009 
761010 
761011 
761012 
761013 
761014 
761015 
761016 
761017 
761018 
761019 
761020 
761021 
761022 
761023 
761024 
761025 
761026 
761027 
761028 
761029 
761030 
761031 
761032 
761033 
761034 
761035 
761036 
761037 
761038 
761039 
761040 
761041 
761042 
761043 
761044 
761045 
761046 
761047 
761048 
761049 
761050 
761051 
761052 
761053 
761054 
761055 
761056 
761057 
761058 
761059 
761060 
761061 
761062 
761063 
761064 
761065 
761066 
761067 
761068 
761069 
761070 
761071 
761072 
761073 
761074 
761075 
761076 
761077 
761078 
761079 
761080 
761081 
761082 
761083 
761084 
761085 
761086 
761087 
761088 
761089 
761090 
761091 
761092 
761093 
761094 
761095 
761096 
761097 
761098 
761099 
761100 
761101 
761102 
761103 
761104 
761105 
761106 
761107 
761108 
761109 
761110 
761111 
761112 
761113 
761114 
761115 
761116 
761117 
761118 
761119 
761120 
761121 
761122 
761123 
761124 
761125 
761126 
761127 
761128 
761129 
761130 
761131 
761132 
761133 
761134 
761135 
761136 
761137 
761138 
761139 
761140 
761141 
761142 
761143 
761144 
761145 
761146 
761147 
761148 
761149 
761150 
761151 
761152 
761153 
761154 
761155 
761156 
761157 
761158 
761159 
761160 
761161 
761162 
761163 
761164 
761165 
761166 
761167 
761168 
761169 
761170 
761171 
761172 
761173 
761174 
761175 
761176 
761177 
761178 
761179 
761180 
761181 
761182 
761183 
761184 
761185 
761186 
761187 
761188 
761189 
761190 
761191 
761192 
761193 
761194 
761195 
761196 
761197 
761198 
761199 
761200 
761201 
761202 
761203 
761204 
761205 
)

// ************************************************************************* //
