/*--------------------------------*- C++ -*----------------------------------*\
| =========                 |                                                 |
| \\      /  F ield         | foam-extend: Open Source CFD                    |
|  \\    /   O peration     | Version:     4.1                                |
|   \\  /    A nd           | Web:         http://www.foam-extend.org         |
|    \\/     M anipulation  |                                                 |
\*---------------------------------------------------------------------------*/
FoamFile
{
    version     2.0;
    format      ascii;
    class       faceList;
    location    "constant/polyMesh";
    object      faces;
}
// * * * * * * * * * * * * * * * * * * * * * * * * * * * * * * * * * * * * * //


1802
(
4(1 4 10 7)
4(6 7 10 9)
4(7 8 11 10)
4(7 10 16 13)
4(12 13 16 15)
4(13 14 17 16)
4(13 16 22 19)
4(18 19 22 21)
4(19 20 23 22)
4(19 22 28 25)
4(24 25 28 27)
4(25 26 29 28)
4(25 28 34 31)
4(30 31 34 33)
4(31 32 35 34)
4(31 34 40 37)
4(36 37 40 39)
4(37 38 41 40)
4(37 40 46 43)
4(42 43 46 45)
4(43 44 47 46)
4(43 46 52 49)
4(48 49 52 51)
4(49 50 53 52)
4(49 52 58 55)
4(54 55 58 57)
4(55 56 59 58)
4(55 58 64 61)
4(60 61 64 63)
4(61 62 65 64)
4(61 64 70 67)
4(66 67 70 69)
4(67 68 71 70)
4(67 70 76 73)
4(72 73 76 75)
4(73 74 77 76)
4(73 76 82 79)
4(78 79 82 81)
4(79 80 83 82)
4(79 82 88 85)
4(84 85 88 87)
4(85 86 89 88)
4(85 88 94 91)
4(90 91 94 93)
4(91 92 95 94)
4(91 94 100 97)
4(96 97 100 99)
4(97 98 101 100)
4(97 100 106 103)
4(102 103 106 105)
4(103 104 107 106)
4(103 106 112 109)
4(108 109 112 111)
4(109 110 113 112)
4(109 112 118 115)
4(114 115 118 117)
4(115 116 119 118)
4(115 118 124 121)
4(120 121 124 123)
4(121 122 125 124)
4(121 124 130 127)
4(126 127 130 129)
4(127 128 131 130)
4(127 130 136 133)
4(132 133 136 135)
4(133 134 137 136)
4(133 136 142 139)
4(138 139 142 141)
4(139 140 143 142)
4(139 142 148 145)
4(144 145 148 147)
4(145 146 149 148)
4(145 148 154 151)
4(150 151 154 153)
4(151 152 155 154)
4(151 154 160 157)
4(156 157 160 159)
4(157 158 161 160)
4(157 160 166 163)
4(162 163 166 165)
4(163 164 167 166)
4(163 166 172 169)
4(168 169 172 171)
4(169 170 173 172)
4(169 172 178 175)
4(174 175 178 177)
4(175 176 179 178)
4(175 178 184 181)
4(180 181 184 183)
4(181 182 185 184)
4(181 184 190 187)
4(186 187 190 189)
4(187 188 191 190)
4(187 190 196 193)
4(192 193 196 195)
4(193 194 197 196)
4(193 196 202 199)
4(198 199 202 201)
4(199 200 203 202)
4(199 202 208 205)
4(204 205 208 207)
4(205 206 209 208)
4(205 208 214 211)
4(210 211 214 213)
4(211 212 215 214)
4(211 214 220 217)
4(216 217 220 219)
4(217 218 221 220)
4(217 220 226 223)
4(222 223 226 225)
4(223 224 227 226)
4(223 226 232 229)
4(228 229 232 231)
4(229 230 233 232)
4(229 232 238 235)
4(234 235 238 237)
4(235 236 239 238)
4(235 238 244 241)
4(240 241 244 243)
4(241 242 245 244)
4(241 244 250 247)
4(246 247 250 249)
4(247 248 251 250)
4(247 250 256 253)
4(252 253 256 255)
4(253 254 257 256)
4(253 256 262 259)
4(258 259 262 261)
4(259 260 263 262)
4(259 262 268 265)
4(264 265 268 267)
4(265 266 269 268)
4(265 268 274 271)
4(270 271 274 273)
4(271 272 275 274)
4(271 274 280 277)
4(276 277 280 279)
4(277 278 281 280)
4(277 280 286 283)
4(282 283 286 285)
4(283 284 287 286)
4(283 286 292 289)
4(288 289 292 291)
4(289 290 293 292)
4(289 292 298 295)
4(294 295 298 297)
4(295 296 299 298)
4(295 298 304 301)
4(300 301 304 303)
4(301 302 305 304)
4(301 304 310 307)
4(306 307 310 309)
4(307 308 311 310)
4(307 310 316 313)
4(312 313 316 315)
4(313 314 317 316)
4(313 316 322 319)
4(318 319 322 321)
4(319 320 323 322)
4(319 322 328 325)
4(324 325 328 327)
4(325 326 329 328)
4(325 328 334 331)
4(330 331 334 333)
4(331 332 335 334)
4(331 334 340 337)
4(336 337 340 339)
4(337 338 341 340)
4(337 340 346 343)
4(342 343 346 345)
4(343 344 347 346)
4(343 346 352 349)
4(348 349 352 351)
4(349 350 353 352)
4(349 352 358 355)
4(354 355 358 357)
4(355 356 359 358)
4(355 358 364 361)
4(360 361 364 363)
4(361 362 365 364)
4(361 364 370 367)
4(366 367 370 369)
4(367 368 371 370)
4(367 370 376 373)
4(372 373 376 375)
4(373 374 377 376)
4(373 376 382 379)
4(378 379 382 381)
4(379 380 383 382)
4(379 382 388 385)
4(384 385 388 387)
4(385 386 389 388)
4(385 388 394 391)
4(390 391 394 393)
4(391 392 395 394)
4(391 394 400 397)
4(396 397 400 399)
4(397 398 401 400)
4(397 400 406 403)
4(402 403 406 405)
4(403 404 407 406)
4(403 406 412 409)
4(408 409 412 411)
4(409 410 413 412)
4(409 412 418 415)
4(414 415 418 417)
4(415 416 419 418)
4(415 418 424 421)
4(420 421 424 423)
4(421 422 425 424)
4(421 424 430 427)
4(426 427 430 429)
4(427 428 431 430)
4(427 430 436 433)
4(432 433 436 435)
4(433 434 437 436)
4(433 436 442 439)
4(438 439 442 441)
4(439 440 443 442)
4(439 442 448 445)
4(444 445 448 447)
4(445 446 449 448)
4(445 448 454 451)
4(450 451 454 453)
4(451 452 455 454)
4(451 454 460 457)
4(456 457 460 459)
4(457 458 461 460)
4(457 460 466 463)
4(462 463 466 465)
4(463 464 467 466)
4(463 466 472 469)
4(468 469 472 471)
4(469 470 473 472)
4(469 472 478 475)
4(474 475 478 477)
4(475 476 479 478)
4(475 478 484 481)
4(480 481 484 483)
4(481 482 485 484)
4(481 484 490 487)
4(486 487 490 489)
4(487 488 491 490)
4(487 490 496 493)
4(492 493 496 495)
4(493 494 497 496)
4(493 496 502 499)
4(498 499 502 501)
4(499 500 503 502)
4(499 502 508 505)
4(504 505 508 507)
4(505 506 509 508)
4(505 508 514 511)
4(510 511 514 513)
4(511 512 515 514)
4(511 514 520 517)
4(516 517 520 519)
4(517 518 521 520)
4(517 520 526 523)
4(522 523 526 525)
4(523 524 527 526)
4(523 526 532 529)
4(528 529 532 531)
4(529 530 533 532)
4(529 532 538 535)
4(534 535 538 537)
4(535 536 539 538)
4(535 538 544 541)
4(540 541 544 543)
4(541 542 545 544)
4(541 544 550 547)
4(546 547 550 549)
4(547 548 551 550)
4(547 550 556 553)
4(552 553 556 555)
4(553 554 557 556)
4(553 556 562 559)
4(558 559 562 561)
4(559 560 563 562)
4(559 562 568 565)
4(564 565 568 567)
4(565 566 569 568)
4(565 568 574 571)
4(570 571 574 573)
4(571 572 575 574)
4(571 574 580 577)
4(576 577 580 579)
4(577 578 581 580)
4(577 580 586 583)
4(582 583 586 585)
4(583 584 587 586)
4(583 586 592 589)
4(588 589 592 591)
4(589 590 593 592)
4(589 592 598 595)
4(594 595 598 597)
4(595 596 599 598)
4(595 598 604 601)
4(600 601 604 603)
4(601 602 605 604)
4(601 604 610 607)
4(606 607 610 609)
4(607 608 611 610)
4(607 610 616 613)
4(612 613 616 615)
4(613 614 617 616)
4(613 616 622 619)
4(618 619 622 621)
4(619 620 623 622)
4(619 622 628 625)
4(624 625 628 627)
4(625 626 629 628)
4(625 628 634 631)
4(630 631 634 633)
4(631 632 635 634)
4(631 634 640 637)
4(636 637 640 639)
4(637 638 641 640)
4(637 640 646 643)
4(642 643 646 645)
4(643 644 647 646)
4(643 646 652 649)
4(648 649 652 651)
4(649 650 653 652)
4(649 652 658 655)
4(654 655 658 657)
4(655 656 659 658)
4(655 658 664 661)
4(660 661 664 663)
4(661 662 665 664)
4(661 664 670 667)
4(666 667 670 669)
4(667 668 671 670)
4(667 670 676 673)
4(672 673 676 675)
4(673 674 677 676)
4(673 676 682 679)
4(678 679 682 681)
4(679 680 683 682)
4(679 682 688 685)
4(684 685 688 687)
4(685 686 689 688)
4(685 688 694 691)
4(690 691 694 693)
4(691 692 695 694)
4(691 694 700 697)
4(696 697 700 699)
4(697 698 701 700)
4(697 700 706 703)
4(702 703 706 705)
4(703 704 707 706)
4(703 706 712 709)
4(708 709 712 711)
4(709 710 713 712)
4(709 712 718 715)
4(714 715 718 717)
4(715 716 719 718)
4(715 718 724 721)
4(720 721 724 723)
4(721 722 725 724)
4(721 724 730 727)
4(726 727 730 729)
4(727 728 731 730)
4(727 730 736 733)
4(732 733 736 735)
4(733 734 737 736)
4(733 736 742 739)
4(738 739 742 741)
4(739 740 743 742)
4(739 742 748 745)
4(744 745 748 747)
4(745 746 749 748)
4(745 748 754 751)
4(750 751 754 753)
4(751 752 755 754)
4(751 754 760 757)
4(756 757 760 759)
4(757 758 761 760)
4(757 760 766 763)
4(762 763 766 765)
4(763 764 767 766)
4(763 766 772 769)
4(768 769 772 771)
4(769 770 773 772)
4(769 772 778 775)
4(774 775 778 777)
4(775 776 779 778)
4(775 778 784 781)
4(780 781 784 783)
4(781 782 785 784)
4(781 784 790 787)
4(786 787 790 789)
4(787 788 791 790)
4(787 790 796 793)
4(792 793 796 795)
4(793 794 797 796)
4(793 796 802 799)
4(798 799 802 801)
4(799 800 803 802)
4(799 802 808 805)
4(804 805 808 807)
4(805 806 809 808)
4(805 808 814 811)
4(810 811 814 813)
4(811 812 815 814)
4(811 814 820 817)
4(816 817 820 819)
4(817 818 821 820)
4(817 820 826 823)
4(822 823 826 825)
4(823 824 827 826)
4(823 826 832 829)
4(828 829 832 831)
4(829 830 833 832)
4(829 832 838 835)
4(834 835 838 837)
4(835 836 839 838)
4(835 838 844 841)
4(840 841 844 843)
4(841 842 845 844)
4(841 844 850 847)
4(846 847 850 849)
4(847 848 851 850)
4(847 850 856 853)
4(852 853 856 855)
4(853 854 857 856)
4(853 856 862 859)
4(858 859 862 861)
4(859 860 863 862)
4(859 862 868 865)
4(864 865 868 867)
4(865 866 869 868)
4(865 868 874 871)
4(870 871 874 873)
4(871 872 875 874)
4(871 874 880 877)
4(876 877 880 879)
4(877 878 881 880)
4(877 880 886 883)
4(882 883 886 885)
4(883 884 887 886)
4(883 886 892 889)
4(888 889 892 891)
4(889 890 893 892)
4(889 892 898 895)
4(894 895 898 897)
4(895 896 899 898)
4(895 898 904 901)
4(900 901 904 903)
4(901 902 905 904)
4(901 904 910 907)
4(906 907 910 909)
4(907 908 911 910)
4(907 910 916 913)
4(912 913 916 915)
4(913 914 917 916)
4(913 916 922 919)
4(918 919 922 921)
4(919 920 923 922)
4(919 922 928 925)
4(924 925 928 927)
4(925 926 929 928)
4(925 928 934 931)
4(930 931 934 933)
4(931 932 935 934)
4(931 934 940 937)
4(936 937 940 939)
4(937 938 941 940)
4(937 940 946 943)
4(942 943 946 945)
4(943 944 947 946)
4(943 946 952 949)
4(948 949 952 951)
4(949 950 953 952)
4(949 952 958 955)
4(954 955 958 957)
4(955 956 959 958)
4(955 958 964 961)
4(960 961 964 963)
4(961 962 965 964)
4(961 964 970 967)
4(966 967 970 969)
4(967 968 971 970)
4(967 970 976 973)
4(972 973 976 975)
4(973 974 977 976)
4(973 976 982 979)
4(978 979 982 981)
4(979 980 983 982)
4(979 982 988 985)
4(984 985 988 987)
4(985 986 989 988)
4(985 988 994 991)
4(990 991 994 993)
4(991 992 995 994)
4(991 994 1000 997)
4(996 997 1000 999)
4(997 998 1001 1000)
4(997 1000 1006 1003)
4(1002 1003 1006 1005)
4(1003 1004 1007 1006)
4(1003 1006 1012 1009)
4(1008 1009 1012 1011)
4(1009 1010 1013 1012)
4(1009 1012 1018 1015)
4(1014 1015 1018 1017)
4(1015 1016 1019 1018)
4(1015 1018 1024 1021)
4(1020 1021 1024 1023)
4(1021 1022 1025 1024)
4(1021 1024 1030 1027)
4(1026 1027 1030 1029)
4(1027 1028 1031 1030)
4(1027 1030 1036 1033)
4(1032 1033 1036 1035)
4(1033 1034 1037 1036)
4(1033 1036 1042 1039)
4(1038 1039 1042 1041)
4(1039 1040 1043 1042)
4(1039 1042 1048 1045)
4(1044 1045 1048 1047)
4(1045 1046 1049 1048)
4(1045 1048 1054 1051)
4(1050 1051 1054 1053)
4(1051 1052 1055 1054)
4(1051 1054 1060 1057)
4(1056 1057 1060 1059)
4(1057 1058 1061 1060)
4(1057 1060 1066 1063)
4(1062 1063 1066 1065)
4(1063 1064 1067 1066)
4(1063 1066 1072 1069)
4(1068 1069 1072 1071)
4(1069 1070 1073 1072)
4(1069 1072 1078 1075)
4(1074 1075 1078 1077)
4(1075 1076 1079 1078)
4(1075 1078 1084 1081)
4(1080 1081 1084 1083)
4(1081 1082 1085 1084)
4(1081 1084 1090 1087)
4(1086 1087 1090 1089)
4(1087 1088 1091 1090)
4(1087 1090 1096 1093)
4(1092 1093 1096 1095)
4(1093 1094 1097 1096)
4(1093 1096 1102 1099)
4(1098 1099 1102 1101)
4(1099 1100 1103 1102)
4(1099 1102 1108 1105)
4(1104 1105 1108 1107)
4(1105 1106 1109 1108)
4(1105 1108 1114 1111)
4(1110 1111 1114 1113)
4(1111 1112 1115 1114)
4(1111 1114 1120 1117)
4(1116 1117 1120 1119)
4(1117 1118 1121 1120)
4(1117 1120 1126 1123)
4(1122 1123 1126 1125)
4(1123 1124 1127 1126)
4(1123 1126 1132 1129)
4(1128 1129 1132 1131)
4(1129 1130 1133 1132)
4(1129 1132 1138 1135)
4(1134 1135 1138 1137)
4(1135 1136 1139 1138)
4(1135 1138 1144 1141)
4(1140 1141 1144 1143)
4(1141 1142 1145 1144)
4(1141 1144 1150 1147)
4(1146 1147 1150 1149)
4(1147 1148 1151 1150)
4(1147 1150 1156 1153)
4(1152 1153 1156 1155)
4(1153 1154 1157 1156)
4(1153 1156 1162 1159)
4(1158 1159 1162 1161)
4(1159 1160 1163 1162)
4(1159 1162 1168 1165)
4(1164 1165 1168 1167)
4(1165 1166 1169 1168)
4(1165 1168 1174 1171)
4(1170 1171 1174 1173)
4(1171 1172 1175 1174)
4(1171 1174 1180 1177)
4(1176 1177 1180 1179)
4(1177 1178 1181 1180)
4(1177 1180 1186 1183)
4(1182 1183 1186 1185)
4(1183 1184 1187 1186)
4(1183 1186 1192 1189)
4(1188 1189 1192 1191)
4(1189 1190 1193 1192)
4(1189 1192 1198 1195)
4(1194 1195 1198 1197)
4(1195 1196 1199 1198)
4(1195 1198 1204 1201)
4(0 3 4 1)
4(1 4 5 2)
4(2 5 11 8)
4(8 11 17 14)
4(14 17 23 20)
4(20 23 29 26)
4(26 29 35 32)
4(32 35 41 38)
4(38 41 47 44)
4(44 47 53 50)
4(50 53 59 56)
4(56 59 65 62)
4(62 65 71 68)
4(68 71 77 74)
4(74 77 83 80)
4(80 83 89 86)
4(86 89 95 92)
4(92 95 101 98)
4(98 101 107 104)
4(104 107 113 110)
4(110 113 119 116)
4(116 119 125 122)
4(122 125 131 128)
4(128 131 137 134)
4(134 137 143 140)
4(140 143 149 146)
4(146 149 155 152)
4(152 155 161 158)
4(158 161 167 164)
4(164 167 173 170)
4(170 173 179 176)
4(176 179 185 182)
4(182 185 191 188)
4(188 191 197 194)
4(194 197 203 200)
4(200 203 209 206)
4(206 209 215 212)
4(212 215 221 218)
4(218 221 227 224)
4(224 227 233 230)
4(230 233 239 236)
4(236 239 245 242)
4(242 245 251 248)
4(248 251 257 254)
4(254 257 263 260)
4(260 263 269 266)
4(266 269 275 272)
4(272 275 281 278)
4(278 281 287 284)
4(284 287 293 290)
4(290 293 299 296)
4(296 299 305 302)
4(302 305 311 308)
4(308 311 317 314)
4(314 317 323 320)
4(320 323 329 326)
4(326 329 335 332)
4(332 335 341 338)
4(338 341 347 344)
4(344 347 353 350)
4(350 353 359 356)
4(356 359 365 362)
4(362 365 371 368)
4(368 371 377 374)
4(374 377 383 380)
4(380 383 389 386)
4(386 389 395 392)
4(392 395 401 398)
4(398 401 407 404)
4(404 407 413 410)
4(410 413 419 416)
4(416 419 425 422)
4(422 425 431 428)
4(428 431 437 434)
4(434 437 443 440)
4(440 443 449 446)
4(446 449 455 452)
4(452 455 461 458)
4(458 461 467 464)
4(464 467 473 470)
4(470 473 479 476)
4(476 479 485 482)
4(482 485 491 488)
4(488 491 497 494)
4(494 497 503 500)
4(500 503 509 506)
4(506 509 515 512)
4(512 515 521 518)
4(518 521 527 524)
4(524 527 533 530)
4(530 533 539 536)
4(536 539 545 542)
4(542 545 551 548)
4(548 551 557 554)
4(554 557 563 560)
4(560 563 569 566)
4(566 569 575 572)
4(572 575 581 578)
4(578 581 587 584)
4(584 587 593 590)
4(590 593 599 596)
4(596 599 605 602)
4(602 605 611 608)
4(608 611 617 614)
4(614 617 623 620)
4(620 623 629 626)
4(626 629 635 632)
4(632 635 641 638)
4(638 641 647 644)
4(644 647 653 650)
4(650 653 659 656)
4(656 659 665 662)
4(662 665 671 668)
4(668 671 677 674)
4(674 677 683 680)
4(680 683 689 686)
4(686 689 695 692)
4(692 695 701 698)
4(698 701 707 704)
4(704 707 713 710)
4(710 713 719 716)
4(716 719 725 722)
4(722 725 731 728)
4(728 731 737 734)
4(734 737 743 740)
4(740 743 749 746)
4(746 749 755 752)
4(752 755 761 758)
4(758 761 767 764)
4(764 767 773 770)
4(770 773 779 776)
4(776 779 785 782)
4(782 785 791 788)
4(788 791 797 794)
4(794 797 803 800)
4(800 803 809 806)
4(806 809 815 812)
4(812 815 821 818)
4(818 821 827 824)
4(824 827 833 830)
4(830 833 839 836)
4(836 839 845 842)
4(842 845 851 848)
4(848 851 857 854)
4(854 857 863 860)
4(860 863 869 866)
4(866 869 875 872)
4(872 875 881 878)
4(878 881 887 884)
4(884 887 893 890)
4(890 893 899 896)
4(896 899 905 902)
4(902 905 911 908)
4(908 911 917 914)
4(914 917 923 920)
4(920 923 929 926)
4(926 929 935 932)
4(932 935 941 938)
4(938 941 947 944)
4(944 947 953 950)
4(950 953 959 956)
4(956 959 965 962)
4(962 965 971 968)
4(968 971 977 974)
4(974 977 983 980)
4(980 983 989 986)
4(986 989 995 992)
4(992 995 1001 998)
4(998 1001 1007 1004)
4(1004 1007 1013 1010)
4(1010 1013 1019 1016)
4(1016 1019 1025 1022)
4(1022 1025 1031 1028)
4(1028 1031 1037 1034)
4(1034 1037 1043 1040)
4(1040 1043 1049 1046)
4(1046 1049 1055 1052)
4(1052 1055 1061 1058)
4(1058 1061 1067 1064)
4(1064 1067 1073 1070)
4(1070 1073 1079 1076)
4(1076 1079 1085 1082)
4(1082 1085 1091 1088)
4(1088 1091 1097 1094)
4(1094 1097 1103 1100)
4(1100 1103 1109 1106)
4(1106 1109 1115 1112)
4(1112 1115 1121 1118)
4(1118 1121 1127 1124)
4(1124 1127 1133 1130)
4(1130 1133 1139 1136)
4(1136 1139 1145 1142)
4(1142 1145 1151 1148)
4(1148 1151 1157 1154)
4(1154 1157 1163 1160)
4(1160 1163 1169 1166)
4(1166 1169 1175 1172)
4(1172 1175 1181 1178)
4(1178 1181 1187 1184)
4(1184 1187 1193 1190)
4(1190 1193 1199 1196)
4(1196 1199 1205 1202)
4(0 6 9 3)
4(6 12 15 9)
4(12 18 21 15)
4(18 24 27 21)
4(24 30 33 27)
4(30 36 39 33)
4(36 42 45 39)
4(42 48 51 45)
4(48 54 57 51)
4(54 60 63 57)
4(60 66 69 63)
4(66 72 75 69)
4(72 78 81 75)
4(78 84 87 81)
4(84 90 93 87)
4(90 96 99 93)
4(96 102 105 99)
4(102 108 111 105)
4(108 114 117 111)
4(114 120 123 117)
4(120 126 129 123)
4(126 132 135 129)
4(132 138 141 135)
4(138 144 147 141)
4(144 150 153 147)
4(150 156 159 153)
4(156 162 165 159)
4(162 168 171 165)
4(168 174 177 171)
4(174 180 183 177)
4(180 186 189 183)
4(186 192 195 189)
4(192 198 201 195)
4(198 204 207 201)
4(204 210 213 207)
4(210 216 219 213)
4(216 222 225 219)
4(222 228 231 225)
4(228 234 237 231)
4(234 240 243 237)
4(240 246 249 243)
4(246 252 255 249)
4(252 258 261 255)
4(258 264 267 261)
4(264 270 273 267)
4(270 276 279 273)
4(276 282 285 279)
4(282 288 291 285)
4(288 294 297 291)
4(294 300 303 297)
4(300 306 309 303)
4(306 312 315 309)
4(312 318 321 315)
4(318 324 327 321)
4(324 330 333 327)
4(330 336 339 333)
4(336 342 345 339)
4(342 348 351 345)
4(348 354 357 351)
4(354 360 363 357)
4(360 366 369 363)
4(366 372 375 369)
4(372 378 381 375)
4(378 384 387 381)
4(384 390 393 387)
4(390 396 399 393)
4(396 402 405 399)
4(402 408 411 405)
4(408 414 417 411)
4(414 420 423 417)
4(420 426 429 423)
4(426 432 435 429)
4(432 438 441 435)
4(438 444 447 441)
4(444 450 453 447)
4(450 456 459 453)
4(456 462 465 459)
4(462 468 471 465)
4(468 474 477 471)
4(474 480 483 477)
4(480 486 489 483)
4(486 492 495 489)
4(492 498 501 495)
4(498 504 507 501)
4(504 510 513 507)
4(510 516 519 513)
4(516 522 525 519)
4(522 528 531 525)
4(528 534 537 531)
4(534 540 543 537)
4(540 546 549 543)
4(546 552 555 549)
4(552 558 561 555)
4(558 564 567 561)
4(564 570 573 567)
4(570 576 579 573)
4(576 582 585 579)
4(582 588 591 585)
4(588 594 597 591)
4(594 600 603 597)
4(600 606 609 603)
4(606 612 615 609)
4(612 618 621 615)
4(618 624 627 621)
4(624 630 633 627)
4(630 636 639 633)
4(636 642 645 639)
4(642 648 651 645)
4(648 654 657 651)
4(654 660 663 657)
4(660 666 669 663)
4(666 672 675 669)
4(672 678 681 675)
4(678 684 687 681)
4(684 690 693 687)
4(690 696 699 693)
4(696 702 705 699)
4(702 708 711 705)
4(708 714 717 711)
4(714 720 723 717)
4(720 726 729 723)
4(726 732 735 729)
4(732 738 741 735)
4(738 744 747 741)
4(744 750 753 747)
4(750 756 759 753)
4(756 762 765 759)
4(762 768 771 765)
4(768 774 777 771)
4(774 780 783 777)
4(780 786 789 783)
4(786 792 795 789)
4(792 798 801 795)
4(798 804 807 801)
4(804 810 813 807)
4(810 816 819 813)
4(816 822 825 819)
4(822 828 831 825)
4(828 834 837 831)
4(834 840 843 837)
4(840 846 849 843)
4(846 852 855 849)
4(852 858 861 855)
4(858 864 867 861)
4(864 870 873 867)
4(870 876 879 873)
4(876 882 885 879)
4(882 888 891 885)
4(888 894 897 891)
4(894 900 903 897)
4(900 906 909 903)
4(906 912 915 909)
4(912 918 921 915)
4(918 924 927 921)
4(924 930 933 927)
4(930 936 939 933)
4(936 942 945 939)
4(942 948 951 945)
4(948 954 957 951)
4(954 960 963 957)
4(960 966 969 963)
4(966 972 975 969)
4(972 978 981 975)
4(978 984 987 981)
4(984 990 993 987)
4(990 996 999 993)
4(996 1002 1005 999)
4(1002 1008 1011 1005)
4(1008 1014 1017 1011)
4(1014 1020 1023 1017)
4(1020 1026 1029 1023)
4(1026 1032 1035 1029)
4(1032 1038 1041 1035)
4(1038 1044 1047 1041)
4(1044 1050 1053 1047)
4(1050 1056 1059 1053)
4(1056 1062 1065 1059)
4(1062 1068 1071 1065)
4(1068 1074 1077 1071)
4(1074 1080 1083 1077)
4(1080 1086 1089 1083)
4(1086 1092 1095 1089)
4(1092 1098 1101 1095)
4(1098 1104 1107 1101)
4(1104 1110 1113 1107)
4(1110 1116 1119 1113)
4(1116 1122 1125 1119)
4(1122 1128 1131 1125)
4(1128 1134 1137 1131)
4(1134 1140 1143 1137)
4(1140 1146 1149 1143)
4(1146 1152 1155 1149)
4(1152 1158 1161 1155)
4(1158 1164 1167 1161)
4(1164 1170 1173 1167)
4(1170 1176 1179 1173)
4(1176 1182 1185 1179)
4(1182 1188 1191 1185)
4(1188 1194 1197 1191)
4(1194 1200 1203 1197)
4(1200 1201 1204 1203)
4(1201 1202 1205 1204)
4(3 9 10 4)
4(9 15 16 10)
4(15 21 22 16)
4(21 27 28 22)
4(27 33 34 28)
4(33 39 40 34)
4(39 45 46 40)
4(45 51 52 46)
4(51 57 58 52)
4(57 63 64 58)
4(63 69 70 64)
4(69 75 76 70)
4(75 81 82 76)
4(81 87 88 82)
4(87 93 94 88)
4(93 99 100 94)
4(99 105 106 100)
4(105 111 112 106)
4(111 117 118 112)
4(117 123 124 118)
4(123 129 130 124)
4(129 135 136 130)
4(135 141 142 136)
4(141 147 148 142)
4(147 153 154 148)
4(153 159 160 154)
4(159 165 166 160)
4(165 171 172 166)
4(171 177 178 172)
4(177 183 184 178)
4(183 189 190 184)
4(189 195 196 190)
4(195 201 202 196)
4(201 207 208 202)
4(207 213 214 208)
4(213 219 220 214)
4(219 225 226 220)
4(225 231 232 226)
4(231 237 238 232)
4(237 243 244 238)
4(243 249 250 244)
4(249 255 256 250)
4(255 261 262 256)
4(261 267 268 262)
4(267 273 274 268)
4(273 279 280 274)
4(279 285 286 280)
4(285 291 292 286)
4(291 297 298 292)
4(297 303 304 298)
4(303 309 310 304)
4(309 315 316 310)
4(315 321 322 316)
4(321 327 328 322)
4(327 333 334 328)
4(333 339 340 334)
4(339 345 346 340)
4(345 351 352 346)
4(351 357 358 352)
4(357 363 364 358)
4(363 369 370 364)
4(369 375 376 370)
4(375 381 382 376)
4(381 387 388 382)
4(387 393 394 388)
4(393 399 400 394)
4(399 405 406 400)
4(405 411 412 406)
4(411 417 418 412)
4(417 423 424 418)
4(423 429 430 424)
4(429 435 436 430)
4(435 441 442 436)
4(441 447 448 442)
4(447 453 454 448)
4(453 459 460 454)
4(459 465 466 460)
4(465 471 472 466)
4(471 477 478 472)
4(477 483 484 478)
4(483 489 490 484)
4(489 495 496 490)
4(495 501 502 496)
4(501 507 508 502)
4(507 513 514 508)
4(513 519 520 514)
4(519 525 526 520)
4(525 531 532 526)
4(531 537 538 532)
4(537 543 544 538)
4(543 549 550 544)
4(549 555 556 550)
4(555 561 562 556)
4(561 567 568 562)
4(567 573 574 568)
4(573 579 580 574)
4(579 585 586 580)
4(585 591 592 586)
4(591 597 598 592)
4(597 603 604 598)
4(603 609 610 604)
4(609 615 616 610)
4(615 621 622 616)
4(621 627 628 622)
4(627 633 634 628)
4(633 639 640 634)
4(639 645 646 640)
4(645 651 652 646)
4(651 657 658 652)
4(657 663 664 658)
4(663 669 670 664)
4(669 675 676 670)
4(675 681 682 676)
4(681 687 688 682)
4(687 693 694 688)
4(693 699 700 694)
4(699 705 706 700)
4(705 711 712 706)
4(711 717 718 712)
4(717 723 724 718)
4(723 729 730 724)
4(729 735 736 730)
4(735 741 742 736)
4(741 747 748 742)
4(747 753 754 748)
4(753 759 760 754)
4(759 765 766 760)
4(765 771 772 766)
4(771 777 778 772)
4(777 783 784 778)
4(783 789 790 784)
4(789 795 796 790)
4(795 801 802 796)
4(801 807 808 802)
4(807 813 814 808)
4(813 819 820 814)
4(819 825 826 820)
4(825 831 832 826)
4(831 837 838 832)
4(837 843 844 838)
4(843 849 850 844)
4(849 855 856 850)
4(855 861 862 856)
4(861 867 868 862)
4(867 873 874 868)
4(873 879 880 874)
4(879 885 886 880)
4(885 891 892 886)
4(891 897 898 892)
4(897 903 904 898)
4(903 909 910 904)
4(909 915 916 910)
4(915 921 922 916)
4(921 927 928 922)
4(927 933 934 928)
4(933 939 940 934)
4(939 945 946 940)
4(945 951 952 946)
4(951 957 958 952)
4(957 963 964 958)
4(963 969 970 964)
4(969 975 976 970)
4(975 981 982 976)
4(981 987 988 982)
4(987 993 994 988)
4(993 999 1000 994)
4(999 1005 1006 1000)
4(1005 1011 1012 1006)
4(1011 1017 1018 1012)
4(1017 1023 1024 1018)
4(1023 1029 1030 1024)
4(1029 1035 1036 1030)
4(1035 1041 1042 1036)
4(1041 1047 1048 1042)
4(1047 1053 1054 1048)
4(1053 1059 1060 1054)
4(1059 1065 1066 1060)
4(1065 1071 1072 1066)
4(1071 1077 1078 1072)
4(1077 1083 1084 1078)
4(1083 1089 1090 1084)
4(1089 1095 1096 1090)
4(1095 1101 1102 1096)
4(1101 1107 1108 1102)
4(1107 1113 1114 1108)
4(1113 1119 1120 1114)
4(1119 1125 1126 1120)
4(1125 1131 1132 1126)
4(1131 1137 1138 1132)
4(1137 1143 1144 1138)
4(1143 1149 1150 1144)
4(1149 1155 1156 1150)
4(1155 1161 1162 1156)
4(1161 1167 1168 1162)
4(1167 1173 1174 1168)
4(1173 1179 1180 1174)
4(1179 1185 1186 1180)
4(1185 1191 1192 1186)
4(1191 1197 1198 1192)
4(1197 1203 1204 1198)
4(4 10 11 5)
4(10 16 17 11)
4(16 22 23 17)
4(22 28 29 23)
4(28 34 35 29)
4(34 40 41 35)
4(40 46 47 41)
4(46 52 53 47)
4(52 58 59 53)
4(58 64 65 59)
4(64 70 71 65)
4(70 76 77 71)
4(76 82 83 77)
4(82 88 89 83)
4(88 94 95 89)
4(94 100 101 95)
4(100 106 107 101)
4(106 112 113 107)
4(112 118 119 113)
4(118 124 125 119)
4(124 130 131 125)
4(130 136 137 131)
4(136 142 143 137)
4(142 148 149 143)
4(148 154 155 149)
4(154 160 161 155)
4(160 166 167 161)
4(166 172 173 167)
4(172 178 179 173)
4(178 184 185 179)
4(184 190 191 185)
4(190 196 197 191)
4(196 202 203 197)
4(202 208 209 203)
4(208 214 215 209)
4(214 220 221 215)
4(220 226 227 221)
4(226 232 233 227)
4(232 238 239 233)
4(238 244 245 239)
4(244 250 251 245)
4(250 256 257 251)
4(256 262 263 257)
4(262 268 269 263)
4(268 274 275 269)
4(274 280 281 275)
4(280 286 287 281)
4(286 292 293 287)
4(292 298 299 293)
4(298 304 305 299)
4(304 310 311 305)
4(310 316 317 311)
4(316 322 323 317)
4(322 328 329 323)
4(328 334 335 329)
4(334 340 341 335)
4(340 346 347 341)
4(346 352 353 347)
4(352 358 359 353)
4(358 364 365 359)
4(364 370 371 365)
4(370 376 377 371)
4(376 382 383 377)
4(382 388 389 383)
4(388 394 395 389)
4(394 400 401 395)
4(400 406 407 401)
4(406 412 413 407)
4(412 418 419 413)
4(418 424 425 419)
4(424 430 431 425)
4(430 436 437 431)
4(436 442 443 437)
4(442 448 449 443)
4(448 454 455 449)
4(454 460 461 455)
4(460 466 467 461)
4(466 472 473 467)
4(472 478 479 473)
4(478 484 485 479)
4(484 490 491 485)
4(490 496 497 491)
4(496 502 503 497)
4(502 508 509 503)
4(508 514 515 509)
4(514 520 521 515)
4(520 526 527 521)
4(526 532 533 527)
4(532 538 539 533)
4(538 544 545 539)
4(544 550 551 545)
4(550 556 557 551)
4(556 562 563 557)
4(562 568 569 563)
4(568 574 575 569)
4(574 580 581 575)
4(580 586 587 581)
4(586 592 593 587)
4(592 598 599 593)
4(598 604 605 599)
4(604 610 611 605)
4(610 616 617 611)
4(616 622 623 617)
4(622 628 629 623)
4(628 634 635 629)
4(634 640 641 635)
4(640 646 647 641)
4(646 652 653 647)
4(652 658 659 653)
4(658 664 665 659)
4(664 670 671 665)
4(670 676 677 671)
4(676 682 683 677)
4(682 688 689 683)
4(688 694 695 689)
4(694 700 701 695)
4(700 706 707 701)
4(706 712 713 707)
4(712 718 719 713)
4(718 724 725 719)
4(724 730 731 725)
4(730 736 737 731)
4(736 742 743 737)
4(742 748 749 743)
4(748 754 755 749)
4(754 760 761 755)
4(760 766 767 761)
4(766 772 773 767)
4(772 778 779 773)
4(778 784 785 779)
4(784 790 791 785)
4(790 796 797 791)
4(796 802 803 797)
4(802 808 809 803)
4(808 814 815 809)
4(814 820 821 815)
4(820 826 827 821)
4(826 832 833 827)
4(832 838 839 833)
4(838 844 845 839)
4(844 850 851 845)
4(850 856 857 851)
4(856 862 863 857)
4(862 868 869 863)
4(868 874 875 869)
4(874 880 881 875)
4(880 886 887 881)
4(886 892 893 887)
4(892 898 899 893)
4(898 904 905 899)
4(904 910 911 905)
4(910 916 917 911)
4(916 922 923 917)
4(922 928 929 923)
4(928 934 935 929)
4(934 940 941 935)
4(940 946 947 941)
4(946 952 953 947)
4(952 958 959 953)
4(958 964 965 959)
4(964 970 971 965)
4(970 976 977 971)
4(976 982 983 977)
4(982 988 989 983)
4(988 994 995 989)
4(994 1000 1001 995)
4(1000 1006 1007 1001)
4(1006 1012 1013 1007)
4(1012 1018 1019 1013)
4(1018 1024 1025 1019)
4(1024 1030 1031 1025)
4(1030 1036 1037 1031)
4(1036 1042 1043 1037)
4(1042 1048 1049 1043)
4(1048 1054 1055 1049)
4(1054 1060 1061 1055)
4(1060 1066 1067 1061)
4(1066 1072 1073 1067)
4(1072 1078 1079 1073)
4(1078 1084 1085 1079)
4(1084 1090 1091 1085)
4(1090 1096 1097 1091)
4(1096 1102 1103 1097)
4(1102 1108 1109 1103)
4(1108 1114 1115 1109)
4(1114 1120 1121 1115)
4(1120 1126 1127 1121)
4(1126 1132 1133 1127)
4(1132 1138 1139 1133)
4(1138 1144 1145 1139)
4(1144 1150 1151 1145)
4(1150 1156 1157 1151)
4(1156 1162 1163 1157)
4(1162 1168 1169 1163)
4(1168 1174 1175 1169)
4(1174 1180 1181 1175)
4(1180 1186 1187 1181)
4(1186 1192 1193 1187)
4(1192 1198 1199 1193)
4(1198 1204 1205 1199)
4(0 1 7 6)
4(6 7 13 12)
4(12 13 19 18)
4(18 19 25 24)
4(24 25 31 30)
4(30 31 37 36)
4(36 37 43 42)
4(42 43 49 48)
4(48 49 55 54)
4(54 55 61 60)
4(60 61 67 66)
4(66 67 73 72)
4(72 73 79 78)
4(78 79 85 84)
4(84 85 91 90)
4(90 91 97 96)
4(96 97 103 102)
4(102 103 109 108)
4(108 109 115 114)
4(114 115 121 120)
4(120 121 127 126)
4(126 127 133 132)
4(132 133 139 138)
4(138 139 145 144)
4(144 145 151 150)
4(150 151 157 156)
4(156 157 163 162)
4(162 163 169 168)
4(168 169 175 174)
4(174 175 181 180)
4(180 181 187 186)
4(186 187 193 192)
4(192 193 199 198)
4(198 199 205 204)
4(204 205 211 210)
4(210 211 217 216)
4(216 217 223 222)
4(222 223 229 228)
4(228 229 235 234)
4(234 235 241 240)
4(240 241 247 246)
4(246 247 253 252)
4(252 253 259 258)
4(258 259 265 264)
4(264 265 271 270)
4(270 271 277 276)
4(276 277 283 282)
4(282 283 289 288)
4(288 289 295 294)
4(294 295 301 300)
4(300 301 307 306)
4(306 307 313 312)
4(312 313 319 318)
4(318 319 325 324)
4(324 325 331 330)
4(330 331 337 336)
4(336 337 343 342)
4(342 343 349 348)
4(348 349 355 354)
4(354 355 361 360)
4(360 361 367 366)
4(366 367 373 372)
4(372 373 379 378)
4(378 379 385 384)
4(384 385 391 390)
4(390 391 397 396)
4(396 397 403 402)
4(402 403 409 408)
4(408 409 415 414)
4(414 415 421 420)
4(420 421 427 426)
4(426 427 433 432)
4(432 433 439 438)
4(438 439 445 444)
4(444 445 451 450)
4(450 451 457 456)
4(456 457 463 462)
4(462 463 469 468)
4(468 469 475 474)
4(474 475 481 480)
4(480 481 487 486)
4(486 487 493 492)
4(492 493 499 498)
4(498 499 505 504)
4(504 505 511 510)
4(510 511 517 516)
4(516 517 523 522)
4(522 523 529 528)
4(528 529 535 534)
4(534 535 541 540)
4(540 541 547 546)
4(546 547 553 552)
4(552 553 559 558)
4(558 559 565 564)
4(564 565 571 570)
4(570 571 577 576)
4(576 577 583 582)
4(582 583 589 588)
4(588 589 595 594)
4(594 595 601 600)
4(600 601 607 606)
4(606 607 613 612)
4(612 613 619 618)
4(618 619 625 624)
4(624 625 631 630)
4(630 631 637 636)
4(636 637 643 642)
4(642 643 649 648)
4(648 649 655 654)
4(654 655 661 660)
4(660 661 667 666)
4(666 667 673 672)
4(672 673 679 678)
4(678 679 685 684)
4(684 685 691 690)
4(690 691 697 696)
4(696 697 703 702)
4(702 703 709 708)
4(708 709 715 714)
4(714 715 721 720)
4(720 721 727 726)
4(726 727 733 732)
4(732 733 739 738)
4(738 739 745 744)
4(744 745 751 750)
4(750 751 757 756)
4(756 757 763 762)
4(762 763 769 768)
4(768 769 775 774)
4(774 775 781 780)
4(780 781 787 786)
4(786 787 793 792)
4(792 793 799 798)
4(798 799 805 804)
4(804 805 811 810)
4(810 811 817 816)
4(816 817 823 822)
4(822 823 829 828)
4(828 829 835 834)
4(834 835 841 840)
4(840 841 847 846)
4(846 847 853 852)
4(852 853 859 858)
4(858 859 865 864)
4(864 865 871 870)
4(870 871 877 876)
4(876 877 883 882)
4(882 883 889 888)
4(888 889 895 894)
4(894 895 901 900)
4(900 901 907 906)
4(906 907 913 912)
4(912 913 919 918)
4(918 919 925 924)
4(924 925 931 930)
4(930 931 937 936)
4(936 937 943 942)
4(942 943 949 948)
4(948 949 955 954)
4(954 955 961 960)
4(960 961 967 966)
4(966 967 973 972)
4(972 973 979 978)
4(978 979 985 984)
4(984 985 991 990)
4(990 991 997 996)
4(996 997 1003 1002)
4(1002 1003 1009 1008)
4(1008 1009 1015 1014)
4(1014 1015 1021 1020)
4(1020 1021 1027 1026)
4(1026 1027 1033 1032)
4(1032 1033 1039 1038)
4(1038 1039 1045 1044)
4(1044 1045 1051 1050)
4(1050 1051 1057 1056)
4(1056 1057 1063 1062)
4(1062 1063 1069 1068)
4(1068 1069 1075 1074)
4(1074 1075 1081 1080)
4(1080 1081 1087 1086)
4(1086 1087 1093 1092)
4(1092 1093 1099 1098)
4(1098 1099 1105 1104)
4(1104 1105 1111 1110)
4(1110 1111 1117 1116)
4(1116 1117 1123 1122)
4(1122 1123 1129 1128)
4(1128 1129 1135 1134)
4(1134 1135 1141 1140)
4(1140 1141 1147 1146)
4(1146 1147 1153 1152)
4(1152 1153 1159 1158)
4(1158 1159 1165 1164)
4(1164 1165 1171 1170)
4(1170 1171 1177 1176)
4(1176 1177 1183 1182)
4(1182 1183 1189 1188)
4(1188 1189 1195 1194)
4(1194 1195 1201 1200)
4(1 2 8 7)
4(7 8 14 13)
4(13 14 20 19)
4(19 20 26 25)
4(25 26 32 31)
4(31 32 38 37)
4(37 38 44 43)
4(43 44 50 49)
4(49 50 56 55)
4(55 56 62 61)
4(61 62 68 67)
4(67 68 74 73)
4(73 74 80 79)
4(79 80 86 85)
4(85 86 92 91)
4(91 92 98 97)
4(97 98 104 103)
4(103 104 110 109)
4(109 110 116 115)
4(115 116 122 121)
4(121 122 128 127)
4(127 128 134 133)
4(133 134 140 139)
4(139 140 146 145)
4(145 146 152 151)
4(151 152 158 157)
4(157 158 164 163)
4(163 164 170 169)
4(169 170 176 175)
4(175 176 182 181)
4(181 182 188 187)
4(187 188 194 193)
4(193 194 200 199)
4(199 200 206 205)
4(205 206 212 211)
4(211 212 218 217)
4(217 218 224 223)
4(223 224 230 229)
4(229 230 236 235)
4(235 236 242 241)
4(241 242 248 247)
4(247 248 254 253)
4(253 254 260 259)
4(259 260 266 265)
4(265 266 272 271)
4(271 272 278 277)
4(277 278 284 283)
4(283 284 290 289)
4(289 290 296 295)
4(295 296 302 301)
4(301 302 308 307)
4(307 308 314 313)
4(313 314 320 319)
4(319 320 326 325)
4(325 326 332 331)
4(331 332 338 337)
4(337 338 344 343)
4(343 344 350 349)
4(349 350 356 355)
4(355 356 362 361)
4(361 362 368 367)
4(367 368 374 373)
4(373 374 380 379)
4(379 380 386 385)
4(385 386 392 391)
4(391 392 398 397)
4(397 398 404 403)
4(403 404 410 409)
4(409 410 416 415)
4(415 416 422 421)
4(421 422 428 427)
4(427 428 434 433)
4(433 434 440 439)
4(439 440 446 445)
4(445 446 452 451)
4(451 452 458 457)
4(457 458 464 463)
4(463 464 470 469)
4(469 470 476 475)
4(475 476 482 481)
4(481 482 488 487)
4(487 488 494 493)
4(493 494 500 499)
4(499 500 506 505)
4(505 506 512 511)
4(511 512 518 517)
4(517 518 524 523)
4(523 524 530 529)
4(529 530 536 535)
4(535 536 542 541)
4(541 542 548 547)
4(547 548 554 553)
4(553 554 560 559)
4(559 560 566 565)
4(565 566 572 571)
4(571 572 578 577)
4(577 578 584 583)
4(583 584 590 589)
4(589 590 596 595)
4(595 596 602 601)
4(601 602 608 607)
4(607 608 614 613)
4(613 614 620 619)
4(619 620 626 625)
4(625 626 632 631)
4(631 632 638 637)
4(637 638 644 643)
4(643 644 650 649)
4(649 650 656 655)
4(655 656 662 661)
4(661 662 668 667)
4(667 668 674 673)
4(673 674 680 679)
4(679 680 686 685)
4(685 686 692 691)
4(691 692 698 697)
4(697 698 704 703)
4(703 704 710 709)
4(709 710 716 715)
4(715 716 722 721)
4(721 722 728 727)
4(727 728 734 733)
4(733 734 740 739)
4(739 740 746 745)
4(745 746 752 751)
4(751 752 758 757)
4(757 758 764 763)
4(763 764 770 769)
4(769 770 776 775)
4(775 776 782 781)
4(781 782 788 787)
4(787 788 794 793)
4(793 794 800 799)
4(799 800 806 805)
4(805 806 812 811)
4(811 812 818 817)
4(817 818 824 823)
4(823 824 830 829)
4(829 830 836 835)
4(835 836 842 841)
4(841 842 848 847)
4(847 848 854 853)
4(853 854 860 859)
4(859 860 866 865)
4(865 866 872 871)
4(871 872 878 877)
4(877 878 884 883)
4(883 884 890 889)
4(889 890 896 895)
4(895 896 902 901)
4(901 902 908 907)
4(907 908 914 913)
4(913 914 920 919)
4(919 920 926 925)
4(925 926 932 931)
4(931 932 938 937)
4(937 938 944 943)
4(943 944 950 949)
4(949 950 956 955)
4(955 956 962 961)
4(961 962 968 967)
4(967 968 974 973)
4(973 974 980 979)
4(979 980 986 985)
4(985 986 992 991)
4(991 992 998 997)
4(997 998 1004 1003)
4(1003 1004 1010 1009)
4(1009 1010 1016 1015)
4(1015 1016 1022 1021)
4(1021 1022 1028 1027)
4(1027 1028 1034 1033)
4(1033 1034 1040 1039)
4(1039 1040 1046 1045)
4(1045 1046 1052 1051)
4(1051 1052 1058 1057)
4(1057 1058 1064 1063)
4(1063 1064 1070 1069)
4(1069 1070 1076 1075)
4(1075 1076 1082 1081)
4(1081 1082 1088 1087)
4(1087 1088 1094 1093)
4(1093 1094 1100 1099)
4(1099 1100 1106 1105)
4(1105 1106 1112 1111)
4(1111 1112 1118 1117)
4(1117 1118 1124 1123)
4(1123 1124 1130 1129)
4(1129 1130 1136 1135)
4(1135 1136 1142 1141)
4(1141 1142 1148 1147)
4(1147 1148 1154 1153)
4(1153 1154 1160 1159)
4(1159 1160 1166 1165)
4(1165 1166 1172 1171)
4(1171 1172 1178 1177)
4(1177 1178 1184 1183)
4(1183 1184 1190 1189)
4(1189 1190 1196 1195)
4(1195 1196 1202 1201)
)


// ************************************************************************* //
