/*--------------------------------*- C++ -*----------------------------------*\
| =========                 |                                                 |
| \\      /  F ield         | foam-extend: Open Source CFD                    |
|  \\    /   O peration     | Version:     4.1                                |
|   \\  /    A nd           | Web:         http://www.foam-extend.org         |
|    \\/     M anipulation  |                                                 |
\*---------------------------------------------------------------------------*/
FoamFile
{
    version     2.0;
    format      ascii;
    class       labelList;
    note        "nPoints: 1206 nCells: 400 nFaces: 1802 nInternalFaces: 598";
    location    "constant/polyMesh";
    object      owner;
}
// * * * * * * * * * * * * * * * * * * * * * * * * * * * * * * * * * * * * * //


1802
(
0
0
1
2
2
3
4
4
5
6
6
7
8
8
9
10
10
11
12
12
13
14
14
15
16
16
17
18
18
19
20
20
21
22
22
23
24
24
25
26
26
27
28
28
29
30
30
31
32
32
33
34
34
35
36
36
37
38
38
39
40
40
41
42
42
43
44
44
45
46
46
47
48
48
49
50
50
51
52
52
53
54
54
55
56
56
57
58
58
59
60
60
61
62
62
63
64
64
65
66
66
67
68
68
69
70
70
71
72
72
73
74
74
75
76
76
77
78
78
79
80
80
81
82
82
83
84
84
85
86
86
87
88
88
89
90
90
91
92
92
93
94
94
95
96
96
97
98
98
99
100
100
101
102
102
103
104
104
105
106
106
107
108
108
109
110
110
111
112
112
113
114
114
115
116
116
117
118
118
119
120
120
121
122
122
123
124
124
125
126
126
127
128
128
129
130
130
131
132
132
133
134
134
135
136
136
137
138
138
139
140
140
141
142
142
143
144
144
145
146
146
147
148
148
149
150
150
151
152
152
153
154
154
155
156
156
157
158
158
159
160
160
161
162
162
163
164
164
165
166
166
167
168
168
169
170
170
171
172
172
173
174
174
175
176
176
177
178
178
179
180
180
181
182
182
183
184
184
185
186
186
187
188
188
189
190
190
191
192
192
193
194
194
195
196
196
197
198
198
199
200
200
201
202
202
203
204
204
205
206
206
207
208
208
209
210
210
211
212
212
213
214
214
215
216
216
217
218
218
219
220
220
221
222
222
223
224
224
225
226
226
227
228
228
229
230
230
231
232
232
233
234
234
235
236
236
237
238
238
239
240
240
241
242
242
243
244
244
245
246
246
247
248
248
249
250
250
251
252
252
253
254
254
255
256
256
257
258
258
259
260
260
261
262
262
263
264
264
265
266
266
267
268
268
269
270
270
271
272
272
273
274
274
275
276
276
277
278
278
279
280
280
281
282
282
283
284
284
285
286
286
287
288
288
289
290
290
291
292
292
293
294
294
295
296
296
297
298
298
299
300
300
301
302
302
303
304
304
305
306
306
307
308
308
309
310
310
311
312
312
313
314
314
315
316
316
317
318
318
319
320
320
321
322
322
323
324
324
325
326
326
327
328
328
329
330
330
331
332
332
333
334
334
335
336
336
337
338
338
339
340
340
341
342
342
343
344
344
345
346
346
347
348
348
349
350
350
351
352
352
353
354
354
355
356
356
357
358
358
359
360
360
361
362
362
363
364
364
365
366
366
367
368
368
369
370
370
371
372
372
373
374
374
375
376
376
377
378
378
379
380
380
381
382
382
383
384
384
385
386
386
387
388
388
389
390
390
391
392
392
393
394
394
395
396
396
397
398
0
1
1
3
5
7
9
11
13
15
17
19
21
23
25
27
29
31
33
35
37
39
41
43
45
47
49
51
53
55
57
59
61
63
65
67
69
71
73
75
77
79
81
83
85
87
89
91
93
95
97
99
101
103
105
107
109
111
113
115
117
119
121
123
125
127
129
131
133
135
137
139
141
143
145
147
149
151
153
155
157
159
161
163
165
167
169
171
173
175
177
179
181
183
185
187
189
191
193
195
197
199
201
203
205
207
209
211
213
215
217
219
221
223
225
227
229
231
233
235
237
239
241
243
245
247
249
251
253
255
257
259
261
263
265
267
269
271
273
275
277
279
281
283
285
287
289
291
293
295
297
299
301
303
305
307
309
311
313
315
317
319
321
323
325
327
329
331
333
335
337
339
341
343
345
347
349
351
353
355
357
359
361
363
365
367
369
371
373
375
377
379
381
383
385
387
389
391
393
395
397
399
0
2
4
6
8
10
12
14
16
18
20
22
24
26
28
30
32
34
36
38
40
42
44
46
48
50
52
54
56
58
60
62
64
66
68
70
72
74
76
78
80
82
84
86
88
90
92
94
96
98
100
102
104
106
108
110
112
114
116
118
120
122
124
126
128
130
132
134
136
138
140
142
144
146
148
150
152
154
156
158
160
162
164
166
168
170
172
174
176
178
180
182
184
186
188
190
192
194
196
198
200
202
204
206
208
210
212
214
216
218
220
222
224
226
228
230
232
234
236
238
240
242
244
246
248
250
252
254
256
258
260
262
264
266
268
270
272
274
276
278
280
282
284
286
288
290
292
294
296
298
300
302
304
306
308
310
312
314
316
318
320
322
324
326
328
330
332
334
336
338
340
342
344
346
348
350
352
354
356
358
360
362
364
366
368
370
372
374
376
378
380
382
384
386
388
390
392
394
396
398
398
399
0
2
4
6
8
10
12
14
16
18
20
22
24
26
28
30
32
34
36
38
40
42
44
46
48
50
52
54
56
58
60
62
64
66
68
70
72
74
76
78
80
82
84
86
88
90
92
94
96
98
100
102
104
106
108
110
112
114
116
118
120
122
124
126
128
130
132
134
136
138
140
142
144
146
148
150
152
154
156
158
160
162
164
166
168
170
172
174
176
178
180
182
184
186
188
190
192
194
196
198
200
202
204
206
208
210
212
214
216
218
220
222
224
226
228
230
232
234
236
238
240
242
244
246
248
250
252
254
256
258
260
262
264
266
268
270
272
274
276
278
280
282
284
286
288
290
292
294
296
298
300
302
304
306
308
310
312
314
316
318
320
322
324
326
328
330
332
334
336
338
340
342
344
346
348
350
352
354
356
358
360
362
364
366
368
370
372
374
376
378
380
382
384
386
388
390
392
394
396
398
1
3
5
7
9
11
13
15
17
19
21
23
25
27
29
31
33
35
37
39
41
43
45
47
49
51
53
55
57
59
61
63
65
67
69
71
73
75
77
79
81
83
85
87
89
91
93
95
97
99
101
103
105
107
109
111
113
115
117
119
121
123
125
127
129
131
133
135
137
139
141
143
145
147
149
151
153
155
157
159
161
163
165
167
169
171
173
175
177
179
181
183
185
187
189
191
193
195
197
199
201
203
205
207
209
211
213
215
217
219
221
223
225
227
229
231
233
235
237
239
241
243
245
247
249
251
253
255
257
259
261
263
265
267
269
271
273
275
277
279
281
283
285
287
289
291
293
295
297
299
301
303
305
307
309
311
313
315
317
319
321
323
325
327
329
331
333
335
337
339
341
343
345
347
349
351
353
355
357
359
361
363
365
367
369
371
373
375
377
379
381
383
385
387
389
391
393
395
397
399
0
2
4
6
8
10
12
14
16
18
20
22
24
26
28
30
32
34
36
38
40
42
44
46
48
50
52
54
56
58
60
62
64
66
68
70
72
74
76
78
80
82
84
86
88
90
92
94
96
98
100
102
104
106
108
110
112
114
116
118
120
122
124
126
128
130
132
134
136
138
140
142
144
146
148
150
152
154
156
158
160
162
164
166
168
170
172
174
176
178
180
182
184
186
188
190
192
194
196
198
200
202
204
206
208
210
212
214
216
218
220
222
224
226
228
230
232
234
236
238
240
242
244
246
248
250
252
254
256
258
260
262
264
266
268
270
272
274
276
278
280
282
284
286
288
290
292
294
296
298
300
302
304
306
308
310
312
314
316
318
320
322
324
326
328
330
332
334
336
338
340
342
344
346
348
350
352
354
356
358
360
362
364
366
368
370
372
374
376
378
380
382
384
386
388
390
392
394
396
398
1
3
5
7
9
11
13
15
17
19
21
23
25
27
29
31
33
35
37
39
41
43
45
47
49
51
53
55
57
59
61
63
65
67
69
71
73
75
77
79
81
83
85
87
89
91
93
95
97
99
101
103
105
107
109
111
113
115
117
119
121
123
125
127
129
131
133
135
137
139
141
143
145
147
149
151
153
155
157
159
161
163
165
167
169
171
173
175
177
179
181
183
185
187
189
191
193
195
197
199
201
203
205
207
209
211
213
215
217
219
221
223
225
227
229
231
233
235
237
239
241
243
245
247
249
251
253
255
257
259
261
263
265
267
269
271
273
275
277
279
281
283
285
287
289
291
293
295
297
299
301
303
305
307
309
311
313
315
317
319
321
323
325
327
329
331
333
335
337
339
341
343
345
347
349
351
353
355
357
359
361
363
365
367
369
371
373
375
377
379
381
383
385
387
389
391
393
395
397
399
)


// ************************************************************************* //
