/*--------------------------------*- C++ -*----------------------------------*\
| =========                 |                                                 |
| \\      /  F ield         | foam-extend: Open Source CFD                    |
|  \\    /   O peration     | Version:     4.1                                |
|   \\  /    A nd           | Web:         http://www.foam-extend.org         |
|    \\/     M anipulation  |                                                 |
\*---------------------------------------------------------------------------*/
FoamFile
{
    version     2.0;
    format      ascii;
    class       vectorField;
    location    "constant/polyMesh";
    object      points;
}
// * * * * * * * * * * * * * * * * * * * * * * * * * * * * * * * * * * * * * //


1206
(
(0 0 1e-05)
(0.0005000000000000001 0 1e-05)
(0.001 0 1e-05)
(0 0.005 1e-05)
(0.0005000000000000001 0.005 1e-05)
(0.001 0.005 1e-05)
(0 0 1.562297966203712e-05)
(0.0005000000000000001 0 1.562297966203712e-05)
(0.001 0 1.562297966203712e-05)
(0 0.005 1.562297966203712e-05)
(0.0005000000000000001 0.005 1.562297966203712e-05)
(0.001 0.005 1.562297966203712e-05)
(0 0 2.131661350185638e-05)
(0.0005000000000000001 0 2.131661350185638e-05)
(0.001 0 2.131661350185638e-05)
(0 0.005 2.131661350185638e-05)
(0.0005000000000000001 0.005 2.131661350185638e-05)
(0.001 0.005 2.131661350185638e-05)
(0 0 2.708178930727464e-05)
(0.0005000000000000001 0 2.708178930727464e-05)
(0.001 0 2.708178930727464e-05)
(0 0.005 2.708178930727464e-05)
(0.0005000000000000001 0.005 2.708178930727464e-05)
(0.001 0.005 2.708178930727464e-05)
(0 0 3.291940602138966e-05)
(0.0005000000000000001 0 3.291940602138967e-05)
(0.001 0 3.291940602138966e-05)
(0 0.005 3.291940602138966e-05)
(0.0005000000000000001 0.005000000000000001 3.291940602138967e-05)
(0.001 0.005 3.291940602138966e-05)
(0 0 3.883037388274925e-05)
(0.0005000000000000001 0 3.883037388274925e-05)
(0.001 0 3.883037388274925e-05)
(0 0.005 3.883037388274925e-05)
(0.0005000000000000001 0.005 3.883037388274925e-05)
(0.001 0.005 3.883037388274925e-05)
(0 0 4.481561456728133e-05)
(0.0005000000000000001 0 4.481561456728133e-05)
(0.001 0 4.481561456728133e-05)
(0 0.005 4.481561456728133e-05)
(0.0005000000000000001 0.005 4.481561456728133e-05)
(0.001 0.005 4.481561456728133e-05)
(0 0 5.087606133200772e-05)
(0.0005000000000000001 0 5.087606133200772e-05)
(0.001 0 5.087606133200772e-05)
(0 0.005 5.087606133200772e-05)
(0.0005000000000000001 0.004999999999999999 5.087606133200772e-05)
(0.001 0.005 5.087606133200772e-05)
(0 0 5.701265916056332e-05)
(0.0005000000000000001 0 5.701265916056332e-05)
(0.001 0 5.701265916056332e-05)
(0 0.005 5.701265916056332e-05)
(0.0005000000000000001 0.005 5.701265916056332e-05)
(0.001 0.005 5.701265916056332e-05)
(0 0 6.322636491054421e-05)
(0.0005000000000000001 0 6.32263649105442e-05)
(0.001 0 6.322636491054421e-05)
(0 0.005 6.322636491054421e-05)
(0.0005000000000000001 0.005 6.32263649105442e-05)
(0.001 0.005 6.322636491054421e-05)
(0 0 6.951814746270694e-05)
(0.0005000000000000001 0 6.951814746270693e-05)
(0.001 0 6.951814746270694e-05)
(0 0.005 6.951814746270694e-05)
(0.0005000000000000001 0.005 6.951814746270693e-05)
(0.001 0.005 6.951814746270694e-05)
(0 0 7.588898787204247e-05)
(0.0005000000000000001 0 7.588898787204247e-05)
(0.001 0 7.588898787204247e-05)
(0 0.005 7.588898787204247e-05)
(0.0005000000000000001 0.005 7.588898787204247e-05)
(0.001 0.005 7.588898787204247e-05)
(0 0 8.233987952074897e-05)
(0.0005000000000000001 0 8.233987952074897e-05)
(0.001 0 8.233987952074897e-05)
(0 0.005 8.233987952074897e-05)
(0.0005000000000000001 0.005 8.233987952074897e-05)
(0.001 0.005 8.233987952074897e-05)
(0 0 8.887182827312547e-05)
(0.0005000000000000001 0 8.887182827312547e-05)
(0.001 0 8.887182827312547e-05)
(0 0.005 8.887182827312547e-05)
(0.0005000000000000001 0.005 8.887182827312547e-05)
(0.001 0.005 8.887182827312547e-05)
(0 0 9.548585263241393e-05)
(0.0005000000000000001 0 9.548585263241393e-05)
(0.001 0 9.548585263241393e-05)
(0 0.005 9.548585263241393e-05)
(0.0005000000000000001 0.005 9.548585263241393e-05)
(0.001 0.005 9.548585263241393e-05)
(0 0 0.0001021829838996094)
(0.0005000000000000001 0 0.0001021829838996094)
(0.001 0 0.0001021829838996094)
(0 0.005 0.0001021829838996094)
(0.0005000000000000001 0.005000000000000001 0.0001021829838996094)
(0.001 0.005 0.0001021829838996094)
(0 0 0.0001089642663342683)
(0.0005000000000000001 0 0.0001089642663342683)
(0.001 0 0.0001089642663342683)
(0 0.005 0.0001089642663342683)
(0.0005000000000000001 0.005 0.0001089642663342683)
(0.001 0.005 0.0001089642663342683)
(0 0 0.0001158307573173351)
(0.0005000000000000001 0 0.0001158307573173351)
(0.001 0 0.0001158307573173351)
(0 0.005 0.0001158307573173351)
(0.0005000000000000001 0.005 0.0001158307573173351)
(0.001 0.005 0.0001158307573173351)
(0 0 0.0001227835275160165)
(0.0005 0 0.0001227835275160165)
(0.001 0 0.0001227835275160165)
(0 0.005 0.0001227835275160165)
(0.0005 0.005 0.0001227835275160165)
(0.001 0.005 0.0001227835275160165)
(0 0 0.0001298236610507264)
(0.0005000000000000001 0 0.0001298236610507264)
(0.001 0 0.0001298236610507264)
(0 0.005 0.0001298236610507264)
(0.0005000000000000001 0.005 0.0001298236610507264)
(0.001 0.005 0.0001298236610507264)
(0 0 0.0001369522556641291)
(0.0005000000000000001 0 0.0001369522556641291)
(0.001 0 0.0001369522556641291)
(0 0.005 0.0001369522556641291)
(0.0005000000000000001 0.005 0.0001369522556641291)
(0.001 0.005 0.0001369522556641291)
(0 0 0.0001441704228923063)
(0.0005000000000000001 0 0.0001441704228923063)
(0.001 0 0.0001441704228923063)
(0 0.005 0.0001441704228923063)
(0.0005000000000000001 0.005 0.0001441704228923063)
(0.001 0.005 0.0001441704228923063)
(0 0 0.0001514792882380747)
(0.0005000000000000001 0 0.0001514792882380747)
(0.001 0 0.0001514792882380747)
(0 0.005 0.0001514792882380747)
(0.0005000000000000001 0.005 0.0001514792882380747)
(0.001 0.005 0.0001514792882380747)
(0 0 0.0001588799913464822)
(0.0005000000000000001 0 0.0001588799913464822)
(0.001 0 0.0001588799913464822)
(0 0.005 0.0001588799913464822)
(0.0005000000000000001 0.005 0.0001588799913464822)
(0.001 0.005 0.0001588799913464822)
(0 0 0.0001663736861825077)
(0.0005000000000000001 0 0.0001663736861825077)
(0.001 0 0.0001663736861825077)
(0 0.005 0.0001663736861825077)
(0.0005000000000000001 0.005 0.0001663736861825077)
(0.001 0.005 0.0001663736861825077)
(0 0 0.0001739615412109958)
(0.0005000000000000001 0 0.0001739615412109958)
(0.001 0 0.0001739615412109958)
(0 0.005 0.0001739615412109958)
(0.0005000000000000001 0.005 0.0001739615412109958)
(0.001 0.005 0.0001739615412109958)
(0 0 0.0001816447395788502)
(0.0005000000000000001 0 0.0001816447395788502)
(0.001 0 0.0001816447395788502)
(0 0.005 0.0001816447395788502)
(0.0005000000000000001 0.005 0.0001816447395788502)
(0.001 0.005 0.0001816447395788502)
(0 0 0.0001894244792995185)
(0.0005000000000000001 0 0.0001894244792995185)
(0.001 0 0.0001894244792995185)
(0 0.005 0.0001894244792995185)
(0.0005000000000000001 0.005 0.0001894244792995185)
(0.001 0.005 0.0001894244792995185)
(0 0 0.0001973019734397936)
(0.0005000000000000001 0 0.0001973019734397935)
(0.001 0 0.0001973019734397936)
(0 0.005 0.0001973019734397936)
(0.0005000000000000001 0.005 0.0001973019734397935)
(0.001 0.005 0.0001973019734397936)
(0 0 0.0002052784503089628)
(0.0005000000000000001 0 0.0002052784503089628)
(0.001 0 0.0002052784503089628)
(0 0.005 0.0002052784503089628)
(0.0005000000000000001 0.004999999999999999 0.0002052784503089628)
(0.001 0.005 0.0002052784503089628)
(0 0 0.0002133551536503341)
(0.0005000000000000001 0 0.0002133551536503341)
(0.001 0 0.0002133551536503341)
(0 0.005 0.0002133551536503341)
(0.0005000000000000001 0.005 0.0002133551536503341)
(0.001 0.005 0.0002133551536503341)
(0 0 0.0002215333428351679)
(0.0005000000000000001 0 0.0002215333428351679)
(0.001 0 0.0002215333428351679)
(0 0.005 0.0002215333428351679)
(0.0005000000000000001 0.005 0.0002215333428351679)
(0.001 0.005 0.0002215333428351679)
(0 0 0.0002298142930590471)
(0.0005000000000000001 0 0.0002298142930590471)
(0.001 0 0.0002298142930590471)
(0 0.005 0.0002298142930590471)
(0.0005000000000000001 0.005000000000000001 0.0002298142930590471)
(0.001 0.005 0.0002298142930590471)
(0 0 0.0002381992955407129)
(0.0005000000000000001 0 0.0002381992955407129)
(0.001 0 0.0002381992955407129)
(0 0.005 0.0002381992955407129)
(0.0005000000000000001 0.005 0.0002381992955407129)
(0.001 0.005 0.0002381992955407129)
(0 0 0.0002466896577234005)
(0.0005000000000000001 0 0.0002466896577234005)
(0.001 0 0.0002466896577234005)
(0 0.005 0.0002466896577234005)
(0.0005000000000000001 0.005 0.0002466896577234005)
(0.001 0.005 0.0002466896577234005)
(0 0 0.0002552867034787036)
(0.0005000000000000001 0 0.0002552867034787035)
(0.001 0 0.0002552867034787036)
(0 0.005 0.0002552867034787036)
(0.0005000000000000001 0.005 0.0002552867034787035)
(0.001 0.005 0.0002552867034787036)
(0 0 0.0002639917733130011)
(0.0005000000000000001 0 0.0002639917733130011)
(0.001 0 0.0002639917733130011)
(0 0.005 0.0002639917733130011)
(0.0005000000000000001 0.005 0.0002639917733130011)
(0.001 0.005 0.0002639917733130011)
(0 0 0.0002728062245764778)
(0.0005000000000000001 0 0.0002728062245764778)
(0.001 0 0.0002728062245764778)
(0 0.005 0.0002728062245764778)
(0.0005000000000000001 0.005000000000000001 0.0002728062245764778)
(0.001 0.005 0.0002728062245764778)
(0 0 0.0002817314316747704)
(0.0005000000000000001 0 0.0002817314316747704)
(0.001 0 0.0002817314316747704)
(0 0.005 0.0002817314316747704)
(0.0005000000000000001 0.005 0.0002817314316747704)
(0.001 0.005 0.0002817314316747704)
(0 0 0.0002907687862832742)
(0.0005000000000000001 0 0.0002907687862832742)
(0.001 0 0.0002907687862832742)
(0 0.005 0.0002907687862832742)
(0.0005000000000000001 0.005 0.0002907687862832742)
(0.001 0.005 0.0002907687862832742)
(0 0 0.0002999196975641416)
(0.0005000000000000001 0 0.0002999196975641416)
(0.001 0 0.0002999196975641416)
(0 0.005 0.0002999196975641416)
(0.0005000000000000001 0.005 0.0002999196975641416)
(0.001 0.005 0.0002999196975641416)
(0 0 0.0003091855923860082)
(0.0005 0 0.0003091855923860082)
(0.001 0 0.0003091855923860082)
(0 0.005 0.0003091855923860082)
(0.0005 0.005 0.0003091855923860082)
(0.001 0.005 0.0003091855923860082)
(0 0 0.0003185679155464787)
(0.0005000000000000001 0 0.0003185679155464788)
(0.001 0 0.0003185679155464787)
(0 0.005 0.0003185679155464787)
(0.0005000000000000001 0.005 0.0003185679155464788)
(0.001 0.005 0.0003185679155464787)
(0 0 0.0003280681299974096)
(0.0005000000000000001 0 0.0003280681299974097)
(0.001 0 0.0003280681299974096)
(0 0.005 0.0003280681299974096)
(0.0005000000000000001 0.005 0.0003280681299974097)
(0.001 0.005 0.0003280681299974096)
(0 0 0.0003376877170730214)
(0.0005000000000000001 0 0.0003376877170730214)
(0.001 0 0.0003376877170730214)
(0 0.005 0.0003376877170730214)
(0.0005000000000000001 0.005 0.0003376877170730214)
(0.001 0.005 0.0003376877170730214)
(0 0 0.0003474281767208782)
(0.0005000000000000001 0 0.0003474281767208782)
(0.001 0 0.0003474281767208782)
(0 0.005 0.0003474281767208782)
(0.0005000000000000001 0.005 0.0003474281767208782)
(0.001 0.005 0.0003474281767208782)
(0 0 0.0003572910277357686)
(0.0005000000000000001 0 0.0003572910277357685)
(0.001 0 0.0003572910277357686)
(0 0.005 0.0003572910277357686)
(0.0005000000000000001 0.005 0.0003572910277357685)
(0.001 0.005 0.0003572910277357686)
(0 0 0.0003672778079965267)
(0.0005000000000000001 0 0.0003672778079965267)
(0.001 0 0.0003672778079965267)
(0 0.005 0.0003672778079965267)
(0.0005000000000000001 0.005 0.0003672778079965267)
(0.001 0.005 0.0003672778079965267)
(0 0 0.000377390074705827)
(0.0005 0 0.000377390074705827)
(0.001 0 0.000377390074705827)
(0 0.005 0.000377390074705827)
(0.0005 0.004999999999999999 0.000377390074705827)
(0.001 0.005 0.000377390074705827)
(0 0 0.0003876294046329946)
(0.0005000000000000001 0 0.0003876294046329946)
(0.001 0 0.0003876294046329946)
(0 0.005 0.0003876294046329946)
(0.0005000000000000001 0.005 0.0003876294046329946)
(0.001 0.005 0.0003876294046329946)
(0 0 0.0003979973943598636)
(0.0005000000000000001 0 0.0003979973943598636)
(0.001 0 0.0003979973943598636)
(0 0.005 0.0003979973943598636)
(0.0005000000000000001 0.005 0.0003979973943598636)
(0.001 0.005 0.0003979973943598636)
(0 0 0.0004084956605297284)
(0.0005000000000000001 0 0.0004084956605297284)
(0.001 0 0.0004084956605297284)
(0 0.005 0.0004084956605297284)
(0.0005000000000000001 0.005 0.0004084956605297284)
(0.001 0.005 0.0004084956605297284)
(0 0 0.0004191258400994188)
(0.0005000000000000001 0 0.0004191258400994186)
(0.001 0 0.0004191258400994188)
(0 0.005 0.0004191258400994188)
(0.0005000000000000001 0.005 0.0004191258400994186)
(0.001 0.005 0.0004191258400994188)
(0 0 0.0004298895905945463)
(0.0005000000000000001 0 0.0004298895905945462)
(0.001 0 0.0004298895905945463)
(0 0.005 0.0004298895905945463)
(0.0005000000000000001 0.004999999999999999 0.0004298895905945462)
(0.001 0.005 0.0004298895905945463)
(0 0 0.0004407885903679559)
(0.0005000000000000001 0 0.0004407885903679559)
(0.001 0 0.0004407885903679559)
(0 0.005 0.0004407885903679559)
(0.0005000000000000001 0.005 0.0004407885903679559)
(0.001 0.005 0.0004407885903679559)
(0 0 0.0004518245388614253)
(0.0005000000000000001 0 0.0004518245388614254)
(0.001 0 0.0004518245388614253)
(0 0.005 0.0004518245388614253)
(0.0005000000000000001 0.005 0.0004518245388614254)
(0.001 0.005 0.0004518245388614253)
(0 0 0.000462999156870653)
(0.0005000000000000001 0 0.0004629991568706531)
(0.001 0 0.000462999156870653)
(0 0.005 0.000462999156870653)
(0.0005000000000000001 0.005 0.0004629991568706531)
(0.001 0.005 0.000462999156870653)
(0 0 0.0004743141868135752)
(0.0005000000000000001 0 0.0004743141868135752)
(0.001 0 0.0004743141868135752)
(0 0.005 0.0004743141868135752)
(0.0005000000000000001 0.005000000000000001 0.0004743141868135752)
(0.001 0.005 0.0004743141868135752)
(0 0 0.0004857713930020554)
(0.0005000000000000001 0 0.0004857713930020554)
(0.001 0 0.0004857713930020554)
(0 0.005 0.0004857713930020554)
(0.0005000000000000001 0.005 0.0004857713930020554)
(0.001 0.005 0.0004857713930020554)
(0 0 0.0004973725619169868)
(0.0005000000000000001 0 0.0004973725619169868)
(0.001 0 0.0004973725619169868)
(0 0.005 0.0004973725619169868)
(0.0005000000000000001 0.005 0.0004973725619169868)
(0.001 0.005 0.0004973725619169868)
(0 0 0.0005091195024868528)
(0.0005000000000000001 0 0.0005091195024868528)
(0.001 0 0.0005091195024868528)
(0 0.005 0.0005091195024868528)
(0.0005000000000000001 0.005 0.0005091195024868528)
(0.001 0.005 0.0005091195024868528)
(0 0 0.0005210140463697847)
(0.0005000000000000001 0 0.0005210140463697848)
(0.001 0 0.0005210140463697847)
(0 0.005 0.0005210140463697847)
(0.0005000000000000001 0.005 0.0005210140463697848)
(0.001 0.005 0.0005210140463697847)
(0 0 0.0005330580482391674)
(0.0005000000000000001 0 0.0005330580482391674)
(0.001 0 0.0005330580482391674)
(0 0.005 0.0005330580482391674)
(0.0005000000000000001 0.005 0.0005330580482391674)
(0.001 0.005 0.0005330580482391674)
(0 0 0.0005452533860728315)
(0.0005000000000000001 0 0.0005452533860728315)
(0.001 0 0.0005452533860728315)
(0 0.005 0.0005452533860728315)
(0.0005000000000000001 0.004999999999999999 0.0005452533860728315)
(0.001 0.005 0.0005452533860728315)
(0 0 0.0005576019614458788)
(0.0005000000000000001 0 0.0005576019614458788)
(0.001 0 0.0005576019614458788)
(0 0.005 0.0005576019614458788)
(0.0005000000000000001 0.005 0.0005576019614458788)
(0.001 0.005 0.0005576019614458788)
(0 0 0.0005701056998271894)
(0.0005000000000000001 0 0.0005701056998271893)
(0.001 0 0.0005701056998271894)
(0 0.005 0.0005701056998271894)
(0.0005000000000000001 0.005 0.0005701056998271893)
(0.001 0.005 0.0005701056998271894)
(0 0 0.0005827665508796514)
(0.0005000000000000001 0 0.0005827665508796515)
(0.001 0 0.0005827665508796514)
(0 0.005 0.0005827665508796514)
(0.0005000000000000001 0.005 0.0005827665508796515)
(0.001 0.005 0.0005827665508796514)
(0 0 0.0005955864887641671)
(0.0005000000000000001 0 0.0005955864887641671)
(0.001 0 0.0005955864887641671)
(0 0.005 0.0005955864887641671)
(0.0005000000000000001 0.005 0.0005955864887641671)
(0.001 0.005 0.0005955864887641671)
(0 0 0.0006085675124474745)
(0.0005000000000000001 0 0.0006085675124474744)
(0.001 0 0.0006085675124474745)
(0 0.005 0.0006085675124474745)
(0.0005000000000000001 0.005 0.0006085675124474744)
(0.001 0.005 0.0006085675124474745)
(0 0 0.0006217116460138402)
(0.0005000000000000001 0 0.0006217116460138402)
(0.001 0 0.0006217116460138402)
(0 0.005 0.0006217116460138402)
(0.0005000000000000001 0.005 0.0006217116460138402)
(0.001 0.005 0.0006217116460138402)
(0 0 0.0006350209389806676)
(0.0005000000000000001 0 0.0006350209389806676)
(0.001 0 0.0006350209389806676)
(0 0.005 0.0006350209389806676)
(0.0005000000000000001 0.005 0.0006350209389806676)
(0.001 0.005 0.0006350209389806676)
(0 0 0.0006484974666180705)
(0.0005000000000000001 0 0.0006484974666180705)
(0.001 0 0.0006484974666180705)
(0 0.005 0.0006484974666180705)
(0.0005000000000000001 0.005 0.0006484974666180705)
(0.001 0.005 0.0006484974666180705)
(0 0 0.0006621433302724624)
(0.0005000000000000001 0 0.0006621433302724622)
(0.001 0 0.0006621433302724624)
(0 0.005 0.0006621433302724624)
(0.0005000000000000001 0.005 0.0006621433302724622)
(0.001 0.005 0.0006621433302724624)
(0 0 0.0006759606576942121)
(0.0005000000000000001 0 0.0006759606576942119)
(0.001 0 0.0006759606576942121)
(0 0.005 0.0006759606576942121)
(0.0005000000000000001 0.005 0.0006759606576942119)
(0.001 0.005 0.0006759606576942121)
(0 0 0.0006899516033694156)
(0.0005000000000000001 0 0.0006899516033694155)
(0.001 0 0.0006899516033694156)
(0 0.005 0.0006899516033694156)
(0.0005000000000000001 0.005 0.0006899516033694155)
(0.001 0.005 0.0006899516033694156)
(0 0 0.0007041183488558387)
(0.0005000000000000001 0 0.0007041183488558387)
(0.001 0 0.0007041183488558387)
(0 0.005 0.0007041183488558387)
(0.0005000000000000001 0.005 0.0007041183488558387)
(0.001 0.005 0.0007041183488558387)
(0 0 0.0007184631031230777)
(0.0005000000000000001 0 0.0007184631031230777)
(0.001 0 0.0007184631031230777)
(0 0.005 0.0007184631031230777)
(0.0005000000000000001 0.004999999999999999 0.0007184631031230777)
(0.001 0.005 0.0007184631031230777)
(0 0 0.0007329881028969973)
(0.0005000000000000001 0 0.0007329881028969974)
(0.001 0 0.0007329881028969973)
(0 0.005 0.0007329881028969973)
(0.0005000000000000001 0.005 0.0007329881028969974)
(0.001 0.005 0.0007329881028969973)
(0 0 0.0007476956130084951)
(0.0005000000000000001 0 0.000747695613008495)
(0.001 0 0.0007476956130084951)
(0 0.005 0.0007476956130084951)
(0.0005000000000000001 0.005 0.000747695613008495)
(0.001 0.005 0.0007476956130084951)
(0 0 0.0007625879267466475)
(0.0005000000000000001 0 0.0007625879267466475)
(0.001 0 0.0007625879267466475)
(0 0.005 0.0007625879267466475)
(0.0005000000000000001 0.005 0.0007625879267466475)
(0.001 0.005 0.0007625879267466475)
(0 0 0.0007776673662162955)
(0.0005000000000000001 0 0.0007776673662162955)
(0.001 0 0.0007776673662162955)
(0 0.005 0.0007776673662162955)
(0.0005000000000000001 0.005000000000000001 0.0007776673662162955)
(0.001 0.005 0.0007776673662162955)
(0 0 0.0007929362827001209)
(0.0005000000000000001 0 0.0007929362827001209)
(0.001 0 0.0007929362827001209)
(0 0.005 0.0007929362827001209)
(0.0005000000000000001 0.005 0.0007929362827001209)
(0.001 0.005 0.0007929362827001209)
(0 0 0.0008083970570252746)
(0.0005000000000000001 0 0.0008083970570252746)
(0.001 0 0.0008083970570252746)
(0 0.005 0.0008083970570252746)
(0.0005000000000000001 0.005 0.0008083970570252746)
(0.001 0.005 0.0008083970570252746)
(0 0 0.000824052099934608)
(0.0005000000000000001 0 0.000824052099934608)
(0.001 0 0.000824052099934608)
(0 0.005 0.000824052099934608)
(0.0005000000000000001 0.005 0.000824052099934608)
(0.001 0.005 0.000824052099934608)
(0 0 0.0008399038524625756)
(0.0005000000000000001 0 0.0008399038524625756)
(0.001 0 0.0008399038524625756)
(0 0.005 0.0008399038524625756)
(0.0005000000000000001 0.005 0.0008399038524625756)
(0.001 0.005 0.0008399038524625756)
(0 0 0.0008559547863158519)
(0.0005000000000000001 0 0.0008559547863158522)
(0.001 0 0.0008559547863158519)
(0 0.005 0.0008559547863158519)
(0.0005000000000000001 0.005 0.0008559547863158522)
(0.001 0.005 0.0008559547863158519)
(0 0 0.0008722074042587393)
(0.0005000000000000001 0 0.0008722074042587392)
(0.001 0 0.0008722074042587393)
(0 0.005 0.0008722074042587393)
(0.0005000000000000001 0.005 0.0008722074042587392)
(0.001 0.005 0.0008722074042587393)
(0 0 0.0008886642405034135)
(0.0005000000000000001 0 0.0008886642405034135)
(0.001 0 0.0008886642405034135)
(0 0.005 0.0008886642405034135)
(0.0005000000000000001 0.005 0.0008886642405034135)
(0.001 0.005 0.0008886642405034135)
(0 0 0.000905327861105074)
(0.0005000000000000001 0 0.000905327861105074)
(0.001 0 0.000905327861105074)
(0 0.005 0.000905327861105074)
(0.0005000000000000001 0.005000000000000001 0.000905327861105074)
(0.001 0.005 0.000905327861105074)
(0 0 0.0009222008643620612)
(0.0005 0 0.0009222008643620615)
(0.001 0 0.0009222008643620612)
(0 0.005 0.0009222008643620612)
(0.0005 0.004999999999999999 0.0009222008643620615)
(0.001 0.005 0.0009222008643620612)
(0 0 0.0009392858812209981)
(0.0005000000000000001 0 0.0009392858812209981)
(0.001 0 0.0009392858812209981)
(0 0.005 0.0009392858812209981)
(0.0005000000000000001 0.005 0.0009392858812209981)
(0.001 0.005 0.0009392858812209981)
(0 0 0.000956585575687025)
(0.0005000000000000001 0 0.000956585575687025)
(0.001 0 0.000956585575687025)
(0 0.005 0.000956585575687025)
(0.0005000000000000001 0.005 0.000956585575687025)
(0.001 0.005 0.000956585575687025)
(0 0 0.0009741026452391887)
(0.0005000000000000001 0 0.0009741026452391887)
(0.001 0 0.0009741026452391887)
(0 0.005 0.0009741026452391887)
(0.0005000000000000001 0.005 0.0009741026452391887)
(0.001 0.005 0.0009741026452391887)
(0 0 0.0009918398212510494)
(0.0005000000000000001 0 0.0009918398212510494)
(0.001 0 0.0009918398212510494)
(0 0.005 0.0009918398212510494)
(0.0005000000000000001 0.005 0.0009918398212510494)
(0.001 0.005 0.0009918398212510494)
(0 0 0.001009799869416576)
(0.0005000000000000001 0 0.001009799869416576)
(0.001 0 0.001009799869416576)
(0 0.005 0.001009799869416576)
(0.0005000000000000001 0.005 0.001009799869416576)
(0.001 0.005 0.001009799869416576)
(0 0 0.001027985590181388)
(0.0005000000000000001 0 0.001027985590181388)
(0.001 0 0.001027985590181388)
(0 0.005 0.001027985590181388)
(0.0005000000000000001 0.005 0.001027985590181388)
(0.001 0.005 0.001027985590181388)
(0 0 0.001046399819179422)
(0.0005000000000000001 0 0.001046399819179422)
(0.001 0 0.001046399819179422)
(0 0.005 0.001046399819179422)
(0.0005000000000000001 0.005 0.001046399819179422)
(0.001 0.005 0.001046399819179422)
(0 0 0.00106504542767508)
(0.0005000000000000001 0 0.00106504542767508)
(0.001 0 0.00106504542767508)
(0 0.005 0.00106504542767508)
(0.0005000000000000001 0.005 0.00106504542767508)
(0.001 0.005 0.00106504542767508)
(0 0 0.001083925323010934)
(0.0005000000000000001 0 0.001083925323010934)
(0.001 0 0.001083925323010934)
(0 0.005 0.001083925323010934)
(0.0005000000000000001 0.005000000000000001 0.001083925323010934)
(0.001 0.005 0.001083925323010934)
(0 0 0.001103042449061061)
(0.0005000000000000001 0 0.001103042449061061)
(0.001 0 0.001103042449061061)
(0 0.005 0.001103042449061061)
(0.0005000000000000001 0.005 0.001103042449061061)
(0.001 0.005 0.001103042449061061)
(0 0 0.001122399786690068)
(0.0005000000000000001 0 0.001122399786690068)
(0.001 0 0.001122399786690068)
(0 0.005 0.001122399786690068)
(0.0005000000000000001 0.005 0.001122399786690068)
(0.001 0.005 0.001122399786690068)
(0 0 0.001142000354217889)
(0.0005000000000000001 0 0.001142000354217889)
(0.001 0 0.001142000354217889)
(0 0.005 0.001142000354217889)
(0.0005000000000000001 0.005 0.001142000354217889)
(0.001 0.005 0.001142000354217889)
(0 0 0.00116184720789042)
(0.0005000000000000001 0 0.00116184720789042)
(0.001 0 0.00116184720789042)
(0 0.005 0.00116184720789042)
(0.0005000000000000001 0.005000000000000001 0.00116184720789042)
(0.001 0.005 0.00116184720789042)
(0 0 0.001181943442356066)
(0.0005000000000000001 0 0.001181943442356066)
(0.001 0 0.001181943442356066)
(0 0.005 0.001181943442356066)
(0.0005000000000000001 0.005 0.001181943442356066)
(0.001 0.005 0.001181943442356066)
(0 0 0.001202292191148285)
(0.0005000000000000001 0 0.001202292191148285)
(0.001 0 0.001202292191148285)
(0 0.005 0.001202292191148285)
(0.0005000000000000001 0.005 0.001202292191148285)
(0.001 0.005 0.001202292191148285)
(0 0 0.001222896627174181)
(0.0005000000000000001 0 0.001222896627174181)
(0.001 0 0.001222896627174181)
(0 0.005 0.001222896627174181)
(0.0005000000000000001 0.005 0.001222896627174181)
(0.001 0.005 0.001222896627174181)
(0 0 0.001243759963209249)
(0.0005000000000000001 0 0.00124375996320925)
(0.001 0 0.001243759963209249)
(0 0.005 0.001243759963209249)
(0.0005000000000000001 0.005 0.00124375996320925)
(0.001 0.005 0.001243759963209249)
(0 0 0.00126488545239833)
(0.0005 0 0.00126488545239833)
(0.001 0 0.00126488545239833)
(0 0.005 0.00126488545239833)
(0.0005 0.005 0.00126488545239833)
(0.001 0.005 0.00126488545239833)
(0 0 0.00128627638876286)
(0.0005000000000000001 0 0.00128627638876286)
(0.001 0 0.00128627638876286)
(0 0.005 0.00128627638876286)
(0.0005000000000000001 0.005 0.00128627638876286)
(0.001 0.005 0.00128627638876286)
(0 0 0.0013079361077145)
(0.0005000000000000001 0 0.0013079361077145)
(0.001 0 0.0013079361077145)
(0 0.005 0.0013079361077145)
(0.0005000000000000001 0.005 0.0013079361077145)
(0.001 0.005 0.0013079361077145)
(0 0 0.00132986798657521)
(0.0005000000000000001 0 0.00132986798657521)
(0.001 0 0.00132986798657521)
(0 0.005 0.00132986798657521)
(0.0005000000000000001 0.005 0.00132986798657521)
(0.001 0.005 0.00132986798657521)
(0 0 0.001352075445103864)
(0.0005000000000000001 0 0.001352075445103864)
(0.001 0 0.001352075445103864)
(0 0.005 0.001352075445103864)
(0.0005000000000000001 0.005 0.001352075445103864)
(0.001 0.005 0.001352075445103864)
(0 0 0.001374561946029482)
(0.0005 0 0.001374561946029482)
(0.001 0 0.001374561946029482)
(0 0.005 0.001374561946029482)
(0.0005 0.004999999999999999 0.001374561946029482)
(0.001 0.005 0.001374561946029482)
(0 0 0.001397330995591159)
(0.0005 0 0.001397330995591159)
(0.001 0 0.001397330995591159)
(0 0.005 0.001397330995591159)
(0.0005 0.005 0.001397330995591159)
(0.001 0.005 0.001397330995591159)
(0 0 0.001420386144084781)
(0.0005000000000000001 0 0.001420386144084782)
(0.001 0 0.001420386144084781)
(0 0.005 0.001420386144084781)
(0.0005000000000000001 0.005 0.001420386144084782)
(0.001 0.005 0.001420386144084781)
(0 0 0.001443730986416612)
(0.0005000000000000001 0 0.001443730986416612)
(0.001 0 0.001443730986416612)
(0 0.005 0.001443730986416612)
(0.0005000000000000001 0.005 0.001443730986416612)
(0.001 0.005 0.001443730986416612)
(0 0 0.001467369162663831)
(0.0005000000000000001 0 0.001467369162663831)
(0.001 0 0.001467369162663831)
(0 0.005 0.001467369162663831)
(0.0005000000000000001 0.005 0.001467369162663831)
(0.001 0.005 0.001467369162663831)
(0 0 0.001491304358642117)
(0.0005 0 0.001491304358642117)
(0.001 0 0.001491304358642117)
(0 0.005 0.001491304358642117)
(0.0005 0.005 0.001491304358642117)
(0.001 0.005 0.001491304358642117)
(0 0 0.001515540306480368)
(0.0005000000000000001 0 0.001515540306480368)
(0.001 0 0.001515540306480368)
(0 0.005 0.001515540306480368)
(0.0005000000000000001 0.005 0.001515540306480368)
(0.001 0.005 0.001515540306480368)
(0 0 0.001540080785202634)
(0.0005000000000000001 0 0.001540080785202634)
(0.001 0 0.001540080785202634)
(0 0.005 0.001540080785202634)
(0.0005000000000000001 0.005 0.001540080785202634)
(0.001 0.005 0.001540080785202634)
(0 0 0.001564929621317372)
(0.0005 0 0.001564929621317372)
(0.001 0 0.001564929621317372)
(0 0.005 0.001564929621317372)
(0.0005 0.005 0.001564929621317372)
(0.001 0.005 0.001564929621317372)
(0 0 0.001590090689414093)
(0.0005000000000000001 0 0.001590090689414093)
(0.001 0 0.001590090689414093)
(0 0.005 0.001590090689414093)
(0.0005000000000000001 0.005 0.001590090689414093)
(0.001 0.005 0.001590090689414093)
(0 0 0.001615567912767518)
(0.0005000000000000001 0 0.001615567912767518)
(0.001 0 0.001615567912767518)
(0 0.005 0.001615567912767518)
(0.0005000000000000001 0.005 0.001615567912767518)
(0.001 0.005 0.001615567912767518)
(0 0 0.001641365263949319)
(0.0005000000000000001 0 0.001641365263949319)
(0.001 0 0.001641365263949319)
(0 0.005 0.001641365263949319)
(0.0005000000000000001 0.004999999999999999 0.001641365263949319)
(0.001 0.005 0.001641365263949319)
(0 0 0.001667486765447546)
(0.0005000000000000001 0 0.001667486765447546)
(0.001 0 0.001667486765447546)
(0 0.005 0.001667486765447546)
(0.0005000000000000001 0.005 0.001667486765447546)
(0.001 0.005 0.001667486765447546)
(0 0 0.001693936490293842)
(0.0005000000000000001 0 0.001693936490293841)
(0.001 0 0.001693936490293842)
(0 0.005 0.001693936490293842)
(0.0005000000000000001 0.005 0.001693936490293841)
(0.001 0.005 0.001693936490293842)
(0 0 0.001720718562698531)
(0.0005000000000000001 0 0.001720718562698531)
(0.001 0 0.001720718562698531)
(0 0.005 0.001720718562698531)
(0.0005000000000000001 0.005 0.001720718562698531)
(0.001 0.005 0.001720718562698531)
(0 0 0.001747837158693699)
(0.0005000000000000001 0 0.001747837158693699)
(0.001 0 0.001747837158693699)
(0 0.005 0.001747837158693699)
(0.0005000000000000001 0.005 0.001747837158693699)
(0.001 0.005 0.001747837158693699)
(0 0 0.001775296506784341)
(0.0005000000000000001 0 0.001775296506784341)
(0.001 0 0.001775296506784341)
(0 0.005 0.001775296506784341)
(0.0005000000000000001 0.005 0.001775296506784341)
(0.001 0.005 0.001775296506784341)
(0 0 0.001803100888607699)
(0.0005000000000000001 0 0.001803100888607699)
(0.001 0 0.001803100888607699)
(0 0.005 0.001803100888607699)
(0.0005000000000000001 0.005 0.001803100888607699)
(0.001 0.005 0.001803100888607699)
(0 0 0.001831254639600882)
(0.0005000000000000001 0 0.001831254639600882)
(0.001 0 0.001831254639600882)
(0 0.005 0.001831254639600882)
(0.0005000000000000001 0.005 0.001831254639600882)
(0.001 0.005 0.001831254639600882)
(0 0 0.001859762149676877)
(0.0005 0 0.001859762149676877)
(0.001 0 0.001859762149676877)
(0 0.005 0.001859762149676877)
(0.0005 0.005 0.001859762149676877)
(0.001 0.005 0.001859762149676877)
(0 0 0.001888627863909047)
(0.0005000000000000001 0 0.001888627863909047)
(0.001 0 0.001888627863909047)
(0 0.005 0.001888627863909047)
(0.0005000000000000001 0.005 0.001888627863909047)
(0.001 0.005 0.001888627863909047)
(0 0 0.001917856283224243)
(0.0005000000000000001 0 0.001917856283224243)
(0.001 0 0.001917856283224243)
(0 0.005 0.001917856283224243)
(0.0005000000000000001 0.005 0.001917856283224243)
(0.001 0.005 0.001917856283224243)
(0 0 0.00194745196510461)
(0.0005000000000000001 0 0.00194745196510461)
(0.001 0 0.00194745196510461)
(0 0.005 0.00194745196510461)
(0.0005000000000000001 0.005 0.00194745196510461)
(0.001 0.005 0.00194745196510461)
(0 0 0.001977419524298224)
(0.0005000000000000001 0 0.001977419524298224)
(0.001 0 0.001977419524298224)
(0 0.005 0.001977419524298224)
(0.0005000000000000001 0.005 0.001977419524298224)
(0.001 0.005 0.001977419524298224)
(0 0 0.00200776363353865)
(0.0005000000000000001 0 0.00200776363353865)
(0.001 0 0.00200776363353865)
(0 0.005 0.00200776363353865)
(0.0005000000000000001 0.005 0.00200776363353865)
(0.001 0.005 0.00200776363353865)
(0 0 0.002038489024273546)
(0.0005000000000000001 0 0.002038489024273546)
(0.001 0 0.002038489024273546)
(0 0.005 0.002038489024273546)
(0.0005000000000000001 0.005000000000000001 0.002038489024273546)
(0.001 0.005 0.002038489024273546)
(0 0 0.00206960048740242)
(0.0005000000000000001 0 0.00206960048740242)
(0.001 0 0.00206960048740242)
(0 0.005 0.00206960048740242)
(0.0005000000000000001 0.005 0.00206960048740242)
(0.001 0.005 0.00206960048740242)
(0 0 0.002101102874023656)
(0.0005000000000000001 0 0.002101102874023656)
(0.001 0 0.002101102874023656)
(0 0.005 0.002101102874023656)
(0.0005000000000000001 0.005 0.002101102874023656)
(0.001 0.005 0.002101102874023656)
(0 0 0.002133001096190933)
(0.0005000000000000001 0 0.002133001096190934)
(0.001 0 0.002133001096190933)
(0 0.005 0.002133001096190933)
(0.0005000000000000001 0.005 0.002133001096190934)
(0.001 0.005 0.002133001096190933)
(0 0 0.002165300127679141)
(0.0005000000000000001 0 0.002165300127679141)
(0.001 0 0.002165300127679141)
(0 0.005 0.002165300127679141)
(0.0005000000000000001 0.005 0.002165300127679141)
(0.001 0.005 0.002165300127679141)
(0 0 0.00219800500475992)
(0.0005000000000000001 0 0.00219800500475992)
(0.001 0 0.00219800500475992)
(0 0.005 0.00219800500475992)
(0.0005000000000000001 0.005 0.00219800500475992)
(0.001 0.005 0.00219800500475992)
(0 0 0.002231120826986954)
(0.0005000000000000001 0 0.002231120826986954)
(0.001 0 0.002231120826986954)
(0 0.005 0.002231120826986954)
(0.0005000000000000001 0.005 0.002231120826986954)
(0.001 0.005 0.002231120826986954)
(0 0 0.002264652757991125)
(0.0005000000000000001 0 0.002264652757991125)
(0.001 0 0.002264652757991125)
(0 0.005 0.002264652757991125)
(0.0005000000000000001 0.005 0.002264652757991125)
(0.001 0.005 0.002264652757991125)
(0 0 0.002298606026285655)
(0.0005000000000000001 0 0.002298606026285656)
(0.001 0 0.002298606026285655)
(0 0.005 0.002298606026285655)
(0.0005000000000000001 0.005 0.002298606026285656)
(0.001 0.005 0.002298606026285655)
(0 0 0.002332985926081374)
(0.0005000000000000001 0 0.002332985926081374)
(0.001 0 0.002332985926081374)
(0 0.005 0.002332985926081374)
(0.0005000000000000001 0.005 0.002332985926081374)
(0.001 0.005 0.002332985926081374)
(0 0 0.002367797818112224)
(0.0005000000000000001 0 0.002367797818112224)
(0.001 0 0.002367797818112224)
(0 0.005 0.002367797818112224)
(0.0005000000000000001 0.005000000000000001 0.002367797818112224)
(0.001 0.005 0.002367797818112224)
(0 0 0.00240304713047114)
(0.0005000000000000001 0 0.00240304713047114)
(0.001 0 0.00240304713047114)
(0 0.005 0.00240304713047114)
(0.0005000000000000001 0.005 0.00240304713047114)
(0.001 0.005 0.00240304713047114)
(0 0 0.002438739359456435)
(0.0005000000000000001 0 0.002438739359456435)
(0.001 0 0.002438739359456435)
(0 0.005 0.002438739359456435)
(0.0005000000000000001 0.005 0.002438739359456435)
(0.001 0.005 0.002438739359456435)
(0 0 0.002474880070428816)
(0.0005000000000000001 0 0.002474880070428816)
(0.001 0 0.002474880070428816)
(0 0.005 0.002474880070428816)
(0.0005000000000000001 0.005 0.002474880070428816)
(0.001 0.005 0.002474880070428816)
(0 0 0.002511474898679168)
(0.0005000000000000001 0 0.002511474898679168)
(0.001 0 0.002511474898679168)
(0 0.005 0.002511474898679168)
(0.0005000000000000001 0.005 0.002511474898679168)
(0.001 0.005 0.002511474898679168)
(0 0 0.002548529550307251)
(0.0005000000000000001 0 0.002548529550307251)
(0.001 0 0.002548529550307251)
(0 0.005 0.002548529550307251)
(0.0005000000000000001 0.005 0.002548529550307251)
(0.001 0.005 0.002548529550307251)
(0 0 0.002586049803111425)
(0.0005000000000000001 0 0.002586049803111425)
(0.001 0 0.002586049803111425)
(0 0.005 0.002586049803111425)
(0.0005000000000000001 0.005 0.002586049803111425)
(0.001 0.005 0.002586049803111425)
(0 0 0.002624041507489568)
(0.0005000000000000001 0 0.002624041507489569)
(0.001 0 0.002624041507489568)
(0 0.005 0.002624041507489568)
(0.0005000000000000001 0.005 0.002624041507489569)
(0.001 0.005 0.002624041507489568)
(0 0 0.002662510587351301)
(0.0005000000000000001 0 0.002662510587351301)
(0.001 0 0.002662510587351301)
(0 0.005 0.002662510587351301)
(0.0005000000000000001 0.005 0.002662510587351301)
(0.001 0.005 0.002662510587351301)
(0 0 0.002701463041041685)
(0.0005000000000000001 0 0.002701463041041685)
(0.001 0 0.002701463041041685)
(0 0.005 0.002701463041041685)
(0.0005000000000000001 0.005 0.002701463041041685)
(0.001 0.005 0.002701463041041685)
(0 0 0.002740904942276522)
(0.0005000000000000001 0 0.002740904942276523)
(0.001 0 0.002740904942276522)
(0 0.005 0.002740904942276522)
(0.0005000000000000001 0.005 0.002740904942276523)
(0.001 0.005 0.002740904942276522)
(0 0 0.002780842441089406)
(0.0005000000000000001 0 0.002780842441089406)
(0.001 0 0.002780842441089406)
(0 0.005 0.002780842441089406)
(0.0005000000000000001 0.005 0.002780842441089406)
(0.001 0.005 0.002780842441089406)
(0 0 0.002821281764790675)
(0.0005000000000000001 0 0.002821281764790675)
(0.001 0 0.002821281764790675)
(0 0.005 0.002821281764790675)
(0.0005000000000000001 0.005 0.002821281764790675)
(0.001 0.005 0.002821281764790675)
(0 0 0.002862229218938419)
(0.0005000000000000001 0 0.002862229218938419)
(0.001 0 0.002862229218938419)
(0 0.005 0.002862229218938419)
(0.0005000000000000001 0.005 0.002862229218938419)
(0.001 0.005 0.002862229218938419)
(0 0 0.002903691188321672)
(0.0005000000000000001 0 0.002903691188321672)
(0.001 0 0.002903691188321672)
(0 0.005 0.002903691188321672)
(0.0005000000000000001 0.005 0.002903691188321672)
(0.001 0.005 0.002903691188321672)
(0 0 0.002945674137955979)
(0.0005000000000000001 0 0.00294567413795598)
(0.001 0 0.002945674137955979)
(0 0.005 0.002945674137955979)
(0.0005000000000000001 0.005 0.00294567413795598)
(0.001 0.005 0.002945674137955979)
(0 0 0.002988184614091461)
(0.0005000000000000001 0 0.00298818461409146)
(0.001 0 0.002988184614091461)
(0 0.005 0.002988184614091461)
(0.0005000000000000001 0.005 0.00298818461409146)
(0.001 0.005 0.002988184614091461)
(0 0 0.00303122924523354)
(0.0005000000000000001 0 0.00303122924523354)
(0.001 0 0.00303122924523354)
(0 0.005 0.00303122924523354)
(0.0005000000000000001 0.005 0.00303122924523354)
(0.001 0.005 0.00303122924523354)
(0 0 0.003074814743176511)
(0.0005000000000000001 0 0.003074814743176511)
(0.001 0 0.003074814743176511)
(0 0.005 0.003074814743176511)
(0.0005000000000000001 0.005 0.003074814743176511)
(0.001 0.005 0.003074814743176511)
(0 0 0.003118947904050077)
(0.0005000000000000001 0 0.003118947904050077)
(0.001 0 0.003118947904050077)
(0 0.005 0.003118947904050077)
(0.0005000000000000001 0.005 0.003118947904050077)
(0.001 0.005 0.003118947904050077)
(0 0 0.00316363560937905)
(0.0005000000000000001 0 0.00316363560937905)
(0.001 0 0.00316363560937905)
(0 0.005 0.00316363560937905)
(0.0005000000000000001 0.005 0.00316363560937905)
(0.001 0.005 0.00316363560937905)
(0 0 0.003208884827156361)
(0.0005000000000000001 0 0.00320888482715636)
(0.001 0 0.003208884827156361)
(0 0.005 0.003208884827156361)
(0.0005000000000000001 0.005 0.00320888482715636)
(0.001 0.005 0.003208884827156361)
(0 0 0.003254702612929556)
(0.0005000000000000001 0 0.003254702612929556)
(0.001 0 0.003254702612929556)
(0 0.005 0.003254702612929556)
(0.0005000000000000001 0.005 0.003254702612929556)
(0.001 0.005 0.003254702612929556)
(0 0 0.003301096110900941)
(0.0005000000000000001 0 0.003301096110900941)
(0.001 0 0.003301096110900941)
(0 0.005 0.003301096110900941)
(0.0005000000000000001 0.005 0.003301096110900941)
(0.001 0.005 0.003301096110900941)
(0 0 0.00334807255504155)
(0.0005000000000000001 0 0.00334807255504155)
(0.001 0 0.00334807255504155)
(0 0.005 0.00334807255504155)
(0.0005000000000000001 0.005 0.00334807255504155)
(0.001 0.005 0.00334807255504155)
(0 0 0.003395639270219112)
(0.0005000000000000001 0 0.003395639270219112)
(0.001 0 0.003395639270219112)
(0 0.005 0.003395639270219112)
(0.0005000000000000001 0.005 0.003395639270219112)
(0.001 0.005 0.003395639270219112)
(0 0 0.003443803673340198)
(0.0005000000000000001 0 0.003443803673340198)
(0.001 0 0.003443803673340198)
(0 0.005 0.003443803673340198)
(0.0005000000000000001 0.005 0.003443803673340198)
(0.001 0.005 0.003443803673340198)
(0 0 0.003492573274506701)
(0.0005000000000000001 0 0.003492573274506701)
(0.001 0 0.003492573274506701)
(0 0.005 0.003492573274506701)
(0.0005000000000000001 0.005 0.003492573274506701)
(0.001 0.005 0.003492573274506701)
(0 0 0.003541955678186868)
(0.0005000000000000001 0 0.003541955678186868)
(0.001 0 0.003541955678186868)
(0 0.005 0.003541955678186868)
(0.0005000000000000001 0.005 0.003541955678186868)
(0.001 0.005 0.003541955678186868)
(0 0 0.003591958584401037)
(0.0005000000000000001 0 0.003591958584401037)
(0.001 0 0.003591958584401037)
(0 0.005 0.003591958584401037)
(0.0005000000000000001 0.005 0.003591958584401037)
(0.001 0.005 0.003591958584401037)
(0 0 0.003642589789922266)
(0.0005000000000000001 0 0.003642589789922268)
(0.001 0 0.003642589789922266)
(0 0.005 0.003642589789922266)
(0.0005000000000000001 0.005 0.003642589789922268)
(0.001 0.005 0.003642589789922266)
(0 0 0.003693857189492069)
(0.0005000000000000001 0 0.003693857189492067)
(0.001 0 0.003693857189492069)
(0 0.005 0.003693857189492069)
(0.0005000000000000001 0.005 0.003693857189492067)
(0.001 0.005 0.003693857189492069)
(0 0 0.003745768777051395)
(0.0005000000000000001 0 0.003745768777051395)
(0.001 0 0.003745768777051395)
(0 0.005 0.003745768777051395)
(0.0005000000000000001 0.005 0.003745768777051395)
(0.001 0.005 0.003745768777051395)
(0 0 0.003798332646987117)
(0.0005000000000000001 0 0.003798332646987117)
(0.001 0 0.003798332646987117)
(0 0.005 0.003798332646987117)
(0.0005000000000000001 0.005 0.003798332646987117)
(0.001 0.005 0.003798332646987117)
(0 0 0.003851556995394142)
(0.0005000000000000001 0 0.003851556995394142)
(0.001 0 0.003851556995394142)
(0 0.005 0.003851556995394142)
(0.0005000000000000001 0.005 0.003851556995394142)
(0.001 0.005 0.003851556995394142)
(0 0 0.003905450121353412)
(0.0005000000000000001 0 0.003905450121353412)
(0.001 0 0.003905450121353412)
(0 0.005 0.003905450121353412)
(0.0005000000000000001 0.005 0.003905450121353412)
(0.001 0.005 0.003905450121353412)
(0 0 0.003960020428225937)
(0.0005000000000000001 0 0.003960020428225937)
(0.001 0 0.003960020428225937)
(0 0.005 0.003960020428225937)
(0.0005000000000000001 0.005 0.003960020428225937)
(0.001 0.005 0.003960020428225937)
(0 0 0.004015276424963113)
(0.0005000000000000001 0 0.004015276424963114)
(0.001 0 0.004015276424963113)
(0 0.005 0.004015276424963113)
(0.0005000000000000001 0.005 0.004015276424963114)
(0.001 0.005 0.004015276424963113)
(0 0 0.004071226727433487)
(0.0005000000000000001 0 0.004071226727433487)
(0.001 0 0.004071226727433487)
(0 0.005 0.004071226727433487)
(0.0005000000000000001 0.005 0.004071226727433487)
(0.001 0.005 0.004071226727433487)
(0 0 0.004127880059766194)
(0.0005000000000000001 0 0.004127880059766194)
(0.001 0 0.004127880059766194)
(0 0.005 0.004127880059766194)
(0.0005000000000000001 0.005 0.004127880059766194)
(0.001 0.005 0.004127880059766194)
(0 0 0.004185245255711287)
(0.0005000000000000001 0 0.004185245255711287)
(0.001 0 0.004185245255711287)
(0 0.005 0.004185245255711287)
(0.0005000000000000001 0.005 0.004185245255711287)
(0.001 0.005 0.004185245255711287)
(0 0 0.004243331260017145)
(0.0005000000000000001 0 0.004243331260017146)
(0.001 0 0.004243331260017145)
(0 0.005 0.004243331260017145)
(0.0005000000000000001 0.005 0.004243331260017146)
(0.001 0.005 0.004243331260017145)
(0 0 0.004302147129825202)
(0.0005000000000000001 0 0.004302147129825201)
(0.001 0 0.004302147129825202)
(0 0.005 0.004302147129825202)
(0.0005000000000000001 0.005 0.004302147129825201)
(0.001 0.005 0.004302147129825202)
(0 0 0.004361702036082186)
(0.0005000000000000001 0 0.004361702036082185)
(0.001 0 0.004361702036082186)
(0 0.005 0.004361702036082186)
(0.0005000000000000001 0.005 0.004361702036082185)
(0.001 0.005 0.004361702036082186)
(0 0 0.004422005264970122)
(0.0005000000000000001 0 0.004422005264970123)
(0.001 0 0.004422005264970122)
(0 0.005 0.004422005264970122)
(0.0005000000000000001 0.005 0.004422005264970123)
(0.001 0.005 0.004422005264970122)
(0 0 0.004483066219354286)
(0.0005000000000000001 0 0.004483066219354286)
(0.001 0 0.004483066219354286)
(0 0.005 0.004483066219354286)
(0.0005000000000000001 0.005 0.004483066219354286)
(0.001 0.005 0.004483066219354286)
(0 0 0.004544894420249356)
(0.0005000000000000001 0 0.004544894420249355)
(0.001 0 0.004544894420249356)
(0 0.005 0.004544894420249356)
(0.0005000000000000001 0.005 0.004544894420249355)
(0.001 0.005 0.004544894420249356)
(0 0 0.004607499508304003)
(0.0005000000000000001 0 0.004607499508304003)
(0.001 0 0.004607499508304003)
(0 0.005 0.004607499508304003)
(0.0005000000000000001 0.005 0.004607499508304003)
(0.001 0.005 0.004607499508304003)
(0 0 0.004670891245304109)
(0.0005000000000000001 0 0.004670891245304109)
(0.001 0 0.004670891245304109)
(0 0.005 0.004670891245304109)
(0.0005000000000000001 0.005 0.004670891245304109)
(0.001 0.005 0.004670891245304109)
(0 0 0.004735079515694895)
(0.0005000000000000001 0 0.004735079515694895)
(0.001 0 0.004735079515694895)
(0 0.005 0.004735079515694895)
(0.0005000000000000001 0.005 0.004735079515694895)
(0.001 0.005 0.004735079515694895)
(0 0 0.004800074328122163)
(0.0005000000000000001 0 0.004800074328122164)
(0.001 0 0.004800074328122163)
(0 0.005 0.004800074328122163)
(0.0005000000000000001 0.005 0.004800074328122164)
(0.001 0.005 0.004800074328122163)
(0 0 0.004865885816992912)
(0.0005000000000000001 0 0.004865885816992912)
(0.001 0 0.004865885816992912)
(0 0.005 0.004865885816992912)
(0.0005000000000000001 0.005 0.004865885816992912)
(0.001 0.005 0.004865885816992912)
(0 0 0.004932524244055554)
(0.0005000000000000001 0 0.004932524244055556)
(0.001 0 0.004932524244055554)
(0 0.005 0.004932524244055554)
(0.0005000000000000001 0.005 0.004932524244055556)
(0.001 0.005 0.004932524244055554)
(0 0 0.005)
(0.0005000000000000001 0 0.005)
(0.001 0 0.005)
(0 0.005 0.005)
(0.0005000000000000001 0.005 0.005)
(0.001 0.005 0.005)
)


// ************************************************************************* //
